84597
84599
84602
84606
84608
84611
84615
84618
84621
84624
84627
84629
84632
84635
84638
84642
84645
84648
84661
84664
84666
84669
84673
84676
84679
84681
84683
84685
84687
84688
84690
84693
84697
84700
84703
84705
84709
84712
84714
84718
84730
84733
84737
84739
84743
84746
84749
84752
84755
84758
84760
84764
84766
84769
84773
84775
84778
84782
84784
84797
84800
84804
84807
84810
84813
84815
84819
84821
84824
84827
84831
84834
84837
84839
84842
84846
84849
84851
84864
84868
84871
84874
84877
84880
84883
84885
84888
84891
84894
84897
84900
84904
84907
84909
84913
84915
84918
84932
84934
84937
84941
84943
84946
84949
84951
84953
84956
84959
84962
84965
84968
84972
84974
84978
84981
84984
84987
84999
85003
85006
85008
85011
85015
85016
85019
85020
85022
85026
85028
85031
85034
85037
85041
85044
85047
85049
85052
85056
85067
85070
85072
85076
85079
85081
85085
85087
85090
85094
85096
85099
85103
85106
85108
85112
85115
85118
85120
85131
85134
85137
85140
85142
85143
85144
85148
85150
85151
85154
85157
85160
85163
85167
85169
85172
85174
85177
85180
85183
85187
85199
85203
85205
85209
85211
85214
85217
85220
85225
85229
85232
85236
85240
85242
85245
85249
85252
85265
85267
85270
85271
85273
85277
85280
85282
85283
85284
85286
85289
85291
85293
85296
85297
85300
85304
85306
85309
85313
85325
85329
85331
85335
85337
85340
85344
85345
85346
85349
85351
85353
85355
85358
85362
85365
85368
85370
85373
85387
85389
85392
85394
85397
85401
85403
85406
85409
85410
85413
85415
85418
85422
85424
85427
85431
85433
85437
85439
85453
85456
85458
85461
85464
85467
85468
85470
85471
85474
85476
85479
85483
85486
85488
85491
85494
85498
85500
85504
85506
85509
85522
85526
85529
85532
85534
85538
85540
85543
85544
85545
85547
85548
85550
85554
85557
85559
85562
85565
85569
85571
85575
85578
85591
85594
85596
85599
85603
85605
85608
85612
85614
85618
85620
85624
85626
85629
85633
85635
85639
85642
85645
85657
85661
85664
85667
85670
85673
85675
85679
85682
85684
85688
85690
85693
85697
85700
85702
85705
85709
85712
85724
85727
85730
85733
85737
85740
85743
85745
85748
85751
85754
85758
85760
85764
85767
85769
85772
85776
85779
85791
85794
85797
85801
85803
85807
85810
85813
85816
85817
85820
85823
85826
85829
85832
85835
85839
85841
85843
85845
85856
85858
85859
85863
85866
85869
85872
85875
85877
85880
85883
85887
85890
85893
85895
85898
85901
85905
85907
85920
85923
85927
85930
85932
85935
85938
85941
85945
85947
85950
85953
85957
85959
85962
85965
85968
85971
85975
85987
85990
85993
85996
85999
86002
86006
86008
86012
86014
86017
86020
86024
86026
86030
86032
86035
86040
86053
86056
86058
86061
86065
86068
86070
86074
86077
86080
86082
86086
86089
86092
86094
86097
86101
86103
86107
86119
86123
86125
86128
86131
86135
86138
86140
86144
86146
86150
86152
86156
86158
86162
86164
86168
86170
86174
86186
86189
86193
86195
86199
86201
86204
86207
86211
86213
86216
86219
86222
86226
86229
86232
86234
86237
86240
86254
86256
86260
86262
86265
86268
86272
86274
86278
86281
86284
86287
86289
86292
86295
86298
86301
86304
86308
86320
86324
86326
86329
86332
86334
86336
86337
86339
86342
86345
86348
86352
86354
86357
86360
86363
86366
86368
86370
86373
86387
86389
86393
86396
86399
86401
86404
86408
86411
86413
86419
86421
86425
86428
86431
86433
86436
86440
86453
86455
86458
86461
86465
86468
86470
86474
86477
86479
86481
86483
86486
86488
86491
86493
86497
86499
86503
86506
86508
86521
86525
86527
86530
86534
86537
86540
86543
86545
86547
86548
86550
86552
86554
86555
86557
86559
86561
86564
86566
86568
86569
86570
86572
86574
86577
86579
86582
86585
86598
86601
86605
86606
86608
86611
86613
86614
86617
86620
86622
86624
86627
86630
86631
86633
86635
86638
86640
86643
86647
86650
86653
86655
86658
