72334
72337
72339
72342
72345
72348
72352
72355
72357
72362
72366
72369
72372
72375
72377
72380
72384
72397
72399
72402
72405
72409
72411
72415
72418
72420
72423
72427
72430
72433
72436
72438
72441
72444
72447
72450
72463
72466
72470
72472
72476
72478
72481
72485
72487
72491
72494
72498
72501
72505
72508
72511
72513
72516
72529
72533
72536
72539
72541
72544
72547
72551
72552
72554
72555
72557
72559
72562
72566
72568
72569
72571
72575
72578
72582
72584
72588
72600
72603
72607
72610
72613
72615
72618
72622
72625
72627
72630
72632
72635
72639
72641
72644
72647
72651
72653
72654
72667
72669
72671
72675
72677
72681
72684
72686
72689
72692
72695
72701
72703
72707
72710
72712
72715
72719
72722
72733
72737
72739
72743
72745
72748
72752
72755
72758
72761
72763
72766
72770
72773
72776
72778
72781
72784
72787
72801
72803
72806
72809
72812
72815
72818
72821
72824
72827
72830
72834
72837
72839
72843
72845
72849
72852
72854
72870
72872
72876
72879
72882
72884
72886
72888
72890
72891
72892
72893
72895
72897
72900
72902
72904
72906
72907
72909
72910
72915
72916
72918
72921
72923
72926
72929
72931
72944
72947
72950
72954
72956
72960
72962
72965
72968
72970
72971
72973
72975
72978
72980
72984
72986
72990
72992
72996
72999
73002
73014
73018
73021
73023
73026
73029
73033
73036
73038
73041
73045
73048
73051
73053
73057
73059
73063
73066
73068
73082
73084
73088
73091
73093
73097
73099
73103
73105
73109
73111
73114
73117
73120
73123
73126
73130
73133
73136
73148
73151
73154
73157
73161
73163
73167
73169
73173
73176
73179
73181
73185
73187
73191
73193
73197
73199
73203
73216
73218
73222
73224
73228
73230
73233
73236
73239
73243
73246
73248
73253
73256
73259
73263
73266
73268
73281
73285
73287
73290
73294
73297
73300
73303
73306
73309
73311
73314
73317
73319
73322
73324
73328
73331
73334
73336
73349
73353
73356
73359
73362
73365
73368
73371
73374
73376
73379
73383
73386
73388
73391
73394
73397
73400
73403
73417
73420
73423
73426
73428
73431
73434
73438
73439
73442
73446
73448
73451
73454
73455
73459
73462
73464
73468
73471
73483
73486
73490
73493
73496
73499
73502
73505
73508
73510
73514
73516
73520
73523
73526
73529
73532
73535
73538
73550
73553
73557
73559
73563
73565
73569
73571
73574
73577
73580
73584
73586
73590
73591
73593
73596
73599
73603
73605
73618
73622
73625
73628
73630
73633
73637
73639
73642
73645
73648
73652
73654
73657
73660
73663
73667
73669
73672
73685
73688
73692
73695
73697
73701
73704
73707
73710
73713
73715
73719
73721
73724
73728
73730
73733
73736
73740
73753
73756
73761
73763
73767
73770
73772
73775
73779
73782
73785
73787
73790
73793
73796
73800
73802
73806
73819
73821
73824
73827
73831
73833
73837
73839
73843
73846
73848
73851
73854
73857
73860
73863
73866
73870
73873
73885
73888
73892
73894
73897
73900
73904
73907
73909
73913
73916
73918
73921
73925
73928
73931
73933
73936
73940
73953
73956
73959
73962
73964
73968
73971
73973
73976
73980
73984
73987
73991
73993
73996
73999
74003
74005
74019
74021
74025
74028
74030
74034
74037
74039
74042
74046
74048
74052
74055
74058
74060
74063
74066
74069
74072
74085
74088
74092
74094
74097
74100
74103
74106
74110
74113
74116
74118
74122
74124
74127
74131
74134
74137
74139
74153
74158
74160
74163
74166
74169
74173
74176
74179
74181
74185
74188
74190
74191
74192
74195
74198
74201
74204
74206
74210
