74223
74225
74229
74232
74235
74237
74240
74244
74247
74250
74253
74256
74259
74261
74264
74267
74271
74273
74286
74289
74293
74295
74298
74302
74305
74308
74310
74314
74317
74320
74322
74326
74328
74331
74335
74337
74340
74354
74356
74359
74363
74366
74369
74371
74374
74377
74381
74384
74387
74389
74392
74396
74399
74402
74407
74420
74423
74425
74428
74431
74435
74438
74440
74443
74446
74450
74453
74455
74458
74461
74464
74467
74470
74472
74485
74488
74492
74494
74497
74500
74503
74507
74510
74512
74515
74518
74522
74525
74528
74531
74533
74536
74539
74551
74554
74557
74561
74564
74566
74570
74572
74575
74578
74582
74585
74588
74590
74593
74596
74600
74603
74606
74618
74621
74625
74628
74631
74634
74636
74639
74643
74645
74649
74652
74655
74658
74660
74663
74666
74669
74673
74686
74689
74692
74694
74697
74701
74703
74707
74709
74713
74716
74720
74723
74726
74729
74733
74736
74738
74752
74755
74758
74760
74763
74767
74770
74772
74776
74778
74782
74784
74788
74790
74794
74797
74800
74803
74805
74819
74822
74825
74826
74829
74832
74835
74837
74840
74844
74847
74850
74853
74856
74857
74858
74860
74862
74865
74868
74870
74874
74877
74890
74892
74895
74898
74902
74905
74908
74910
74913
74917
74919
74922
74925
74926
74928
74929
74931
74933
74937
74941
74944
74956
74960
74963
74966
74969
74972
74975
74977
74981
74983
74986
74989
74992
74996
74998
75002
75004
75008
75010
75024
75027
75030
75033
75035
75039
75041
75044
75048
75051
75054
75057
75059
75063
75066
75068
75072
75074
75077
75091
75094
75097
75099
75103
75105
75108
75112
75115
75118
75120
75124
75126
75129
75132
75135
75138
75141
75145
75158
75160
75164
75167
75169
75172
75175
75178
75181
75184
75187
75191
75194
75197
75200
75203
75205
75208
75211
75224
75228
75231
75233
75241
75243
75246
75250
75252
75256
75259
75261
75265
75268
75271
75273
75276
75289
75293
75296
75298
75301
75304
75307
75311
75314
75317
75319
75323
75325
75329
75331
75334
75338
75340
75343
75356
75359
75362
75365
75369
75371
75374
75378
75381
75383
75386
75390
75392
75396
75399
75401
75404
75408
75411
75424
75426
75429
75432
75435
75438
75442
75444
75447
75450
75454
75457
75458
75460
75462
75465
75467
75471
75473
75477
75479
75492
75496
75498
75501
75505
75508
75510
75513
75517
75519
75522
75525
75527
75530
75531
75533
75534
75538
75540
75544
75546
75549
75563
75565
75568
75572
75575
75577
75580
75583
75585
75586
75588
75590
75593
75596
75599
75601
75604
75608
75611
75613
75617
75620
75633
75636
75638
75640
75643
75646
75648
75652
75654
75659
75662
75665
75668
75671
75673
75676
75678
75681
75685
75687
75700
75704
75707
75710
75713
75716
75718
75722
75724
75727
75731
75734
75737
75739
75742
75746
75748
75752
75755
75768
75770
75774
75776
75780
75783
75785
75789
75792
75795
75798
75800
75804
75806
75809
75813
75815
75818
75821
75835
75837
75841
75843
75847
75849
75852
75855
75858
75863
75865
75867
75868
75872
75874
75875
75879
75882
75884
75888
75901
75902
75904
75907
75909
75911
75915
75917
75921
75924
75926
75929
75932
75936
75937
75938
75941
75943
75946
75948
75952
75954
75958
75971
75974
75976
75979
75982
75985
75989
75992
75995
75996
75997
76000
76003
76005
76008
76012
76015
76017
76020
76023
76027
76039
76042
76046
76049
76052
76055
76057
76060
76064
76067
76070
76072
76075
76076
76080
76081
76084
76087
76090
76092
76096
76109
76111
76114
76117
76121
76124
76126
76129
76133
76134
76137
76139
76140
76143
76145
76147
76151
76153
76157
76159
76163
76165
76178
76181
76185
76188
76191
76193
76196
76199
76202
76205
76208
76212
76213
76215
76216
76220
76223
76225
76229
76232
76235
76247
76250
76254
76257
76260
76262
76266
76269
76272
76275
76278
76280
76281
76282
76284
76286
76287
76290
76292
76293
76295
76297
76299
76302
76305
76309
