78383
78387
78389
78393
78395
78398
78402
78405
78407
78411
78413
78416
78417
78418
78420
78423
78425
78429
78432
78434
78447
78451
78454
78457
78460
78463
78466
78468
78471
78474
78476
78478
78482
78485
78488
78490
78494
78496
78510
78513
78515
78519
78521
78525
78527
78530
78533
78536
78540
78541
78543
78544
78547
78550
78554
78556
78559
78562
78566
78579
78582
78584
78588
78591
78593
78596
78599
78602
78605
78607
78610
78613
78616
78619
78620
78623
78625
78628
78631
78634
78648
78650
78653
78656
78659
78660
78663
78667
78669
78672
78676
78679
78681
78685
78687
78691
78693
78696
78699
78702
78716
78718
78721
78724
78725
78727
78728
78731
78733
78735
78738
78741
78744
78748
78749
78752
78754
78757
78760
78763
78765
78767
78771
78772
78774
78788
78790
78794
78797
78799
78803
78805
78808
78811
78815
78818
78820
78823
78827
78830
78833
78835
78838
78842
78854
78857
78860
78864
78866
78870
78872
78875
78879
78880
78883
78886
78888
78892
78894
78897
78900
78904
78907
78909
78922
78925
78928
78931
78934
78938
78941
78943
78946
78950
78953
78955
78959
78960
78962
78963
78966
78969
78973
78976
78991
78993
78997
79000
79002
79006
79008
79012
79014
79018
79020
79024
79027
79030
79033
79036
79038
79041
79045
79058
79061
79064
79066
79070
79072
79075
79078
79081
79084
79088
79091
79092
79095
79098
79100
79104
79106
79109
79110
79112
79114
79115
79129
79131
79135
79137
79140
79142
79145
79148
79150
79153
79156
79159
79161
79163
79166
79169
79173
79176
79179
79181
79185
79198
79201
79203
79207
79209
79212
79216
79219
79221
79224
79225
79228
79231
79234
79237
79240
79244
79246
79249
79264
79268
79270
79274
79277
79280
79282
79284
79285
79286
79287
79288
79289
79291
79295
79297
79300
79303
79307
79309
79312
79316
79319
79331
79334
79338
79340
79344
79346
79349
79352
79355
79358
79361
79365
79367
79370
79373
79376
79380
79383
79386
79398
79402
79404
79408
79411
79413
79416
79420
79423
79425
79428
79432
79435
79436
79437
79442
79444
79448
79451
79454
79466
79470
79472
79476
79478
79481
79485
79487
79490
79494
79496
79500
79503
79506
79508
79512
79515
79517
79521
79533
79538
79542
79544
79548
79550
79554
79556
79560
79563
79566
79569
79571
79575
79577
79581
79583
79587
79600
79602
79605
79608
79612
79615
79617
79620
79623
79627
79629
79633
79636
79638
79641
79644
79647
79651
79653
79667
79670
79672
79675
79678
79680
79684
79687
79690
79692
79695
79698
79702
79704
79707
79710
79714
79716
79719
79733
79736
79738
79741
79744
79747
79751
79754
79757
79759
79762
79766
79769
79772
79775
79778
79780
79784
79786
79800
79802
79806
79809
79811
79815
79817
79820
79823
79826
79829
79832
79835
79837
79839
79840
79844
79847
79849
79852
79856
79868
79872
79875
79877
79881
79884
79886
79889
79892
79896
79899
79902
79905
79908
79911
79914
79916
79920
79922
79935
79938
79942
79944
79948
79950
79954
79956
79959
79962
79965
79968
79972
79974
79977
79981
79983
79987
79989
80002
80006
80009
80012
80014
80018
80020
80024
80027
80029
80033
80035
80037
80038
80041
80042
80045
80048
80051
80054
80057
80059
80072
80075
80078
80081
80084
80088
80091
80095
80098
80101
80104
80108
80110
80114
80116
80119
80122
80125
80138
80141
80145
80148
80150
80154
80156
80160
80162
80165
80167
80169
80171
80175
80177
80180
80183
80187
80190
80192
80196
80208
80212
80215
80217
80221
80224
80227
80228
80229
80231
80233
80236
80239
80243
80245
80249
80251
80255
80258
80261
80264
80277
80280
80283
80285
80288
80292
80294
80298
80301
80303
80307
80309
80313
80315
80319
80322
80325
80328
80331
80343
80346
80349
80353
80356
80358
80361
80363
80366
80367
80369
80373
80376
80379
80382
80384
80389
80393
80396
80398
80411
80415
80418
80420
80423
80427
80429
80432
80436
80439
80441
80444
80447
80451
80454
80457
80460
80463
80465
