86671
86675
86676
86677
86678
86681
86685
86688
86690
86694
86697
86700
86703
86705
86709
86712
86714
86717
86720
86723
86737
86740
86743
86745
86748
86752
86754
86758
86761
86763
86767
86769
86772
86776
86779
86781
86785
86788
86791
86804
86806
86809
86813
86815
86818
86822
86824
86828
86831
86834
86836
86839
86842
86845
86849
86852
86854
86858
86871
86874
86876
86880
86882
86886
86889
86892
86895
86897
86901
86904
86906
86908
86911
86914
86916
86918
86919
86921
86924
86925
86929
86942
86943
86944
86945
86948
86949
86950
86953
86955
86957
86960
86962
86966
86969
86971
86975
86978
86980
86983
86987
86989
86993
86995
86999
87011
87014
87018
87020
87023
87026
87030
87032
87036
87039
87041
87045
87047
87051
87054
87057
87059
87062
87066
87079
87082
87085
87087
87090
87094
87096
87100
87103
87105
87108
87110
87112
87115
87119
87121
87124
87128
87131
87134
87147
87149
87153
87155
87159
87161
87164
87167
87170
87173
87177
87179
87183
87185
87188
87189
87191
87194
87196
87200
87203
87215
87219
87222
87224
87228
87230
87233
87236
87239
87243
87245
87248
87251
87254
87257
87260
87264
87266
87270
87282
87286
87288
87291
87294
87297
87299
87300
87304
87305
87307
87311
87312
87314
87316
87320
87322
87326
87329
87332
87334
87337
87351
87354
87356
87360
87363
87366
87368
87372
87374
87378
87380
87381
87384
87385
87389
87391
87395
87398
87401
87404
87407
87420
87423
87426
87429
87432
87435
87438
87441
87443
87447
87450
87452
87455
87458
87462
87464
87467
87470
87474
87486
87489
87492
87495
87498
87502
87504
87508
87511
87514
87516
87519
87523
87526
87528
87531
87535
87537
87540
87553
87556
87560
87562
87566
87568
87571
87575
87577
87580
87583
87584
87587
87589
87590
87593
87596
87599
87603
87606
87608
87621
87625
87628
87631
87633
87636
87639
87640
87641
87642
87644
87646
87648
87651
87653
87655
87658
87660
87663
87666
87669
87673
87675
87679
87682
87694
87697
87701
87703
87706
87710
87713
87715
87719
87722
87724
87727
87730
87731
87734
87736
87739
87742
87745
87748
87762
87764
87768
87771
87774
87777
87779
87782
87785
87788
87792
87794
87798
87800
87804
87806
87810
87812
87815
87828
87831
87834
87837
87841
87844
87847
87849
87852
87855
87857
87860
87863
87867
87869
87873
87876
87878
87881
87885
87898
87900
87903
87907
87910
87913
87916
87919
87922
87925
87927
87930
87933
87937
87940
87944
87947
87950
87964
87966
87969
87973
87976
87979
87981
87985
87987
87991
87993
87996
88000
88002
88005
88008
88012
88014
88017
88031
88034
88037
88040
88043
88045
88048
88052
88054
88057
88060
88063
88066
88069
88072
88076
88079
88081
88084
88097
88100
88103
88106
88110
88113
88115
88118
88120
88122
88125
88128
88131
88134
88137
88140
88143
88147
88150
88152
88165
88168
88171
88174
88178
88181
88183
88186
88189
88192
88194
88197
88199
88202
88205
88207
88210
88213
88217
88220
88233
88235
88239
88242
88245
88247
88251
88254
88257
88259
88262
88266
88268
88272
88275
88278
88280
88284
88286
88300
88302
88306
88308
88309
88311
88313
88317
88319
88321
88324
88326
88329
88333
88336
88339
88342
88344
88348
88350
88353
88356
88369
88373
88375
88379
88381
88384
88387
88390
88393
88397
88400
88403
88405
88409
88412
88414
88418
88421
88424
88436
88440
88442
88446
88449
88451
88455
88457
88459
88461
88462
88463
88467
88469
88473
88476
88478
88482
88485
88488
88490
88493
88506
88510
88513
88515
88518
88521
88524
88527
88531
88533
88536
88540
88542
88545
88549
88552
88555
88557
88560
88573
88576
88579
88582
88585
88588
88591
88595
88598
88600
88603
88606
88609
88613
88615
88619
88622
88625
88627
88640
88644
88646
88650
88653
88656
88659
88661
88664
88665
88666
88667
88669
88671
88674
88677
88681
88683
88686
88689
88693
88695
