337631
337634
337637
337641
337643
337647
337650
337653
337656
337658
337662
337664
337667
337671
337673
337677
337680
337683
337686
337699
337701
337705
337708
337711
337713
337716
337720
337722
337725
337729
337731
337735
337738
337740
337743
337746
337749
337753
337766
337767
337768
337769
337770
337771
337772
337775
337778
337782
337784
337788
337790
337793
337796
337800
337803
337806
337808
337811
337814
337817
337820
337833
337837
337839
337842
337845
337848
337851
337855
337857
337860
337863
337866
337868
337870
337873
337876
337880
337882
337886
337888
337901
337905
337908
337911
337914
337916
337920
337923
337926
337929
337932
337934
337937
337940
337944
337946
337950
337953
337955
337968
337972
337974
337977
337980
337983
337985
337988
337991
337993
337997
337999
338002
338005
338009
338011
338015
338017
338021
338024
338036
338039
338042
338043
338044
338045
338047
338051
338052
338053
338055
338058
338060
338064
338067
338070
338072
338075
338079
338081
338085
338087
338090
338104
338107
338110
338113
338116
338118
338122
338124
338128
338130
338134
338137
338140
338142
338146
338148
338151
338155
338158
338171
338173
338175
338176
338179
338181
338184
338187
338189
338192
338196
338199
338201
338205
338208
338210
338213
338217
338220
338223
338225
338239
338241
338243
338245
338248
338252
338255
338257
338260
338264
338266
338269
338273
338275
338278
338282
338284
338287
338290
338294
338306
338310
338312
338316
338318
338322
338324
338328
338330
338333
338336
338339
338343
338346
338348
338352
338355
338357
338360
338374
338376
338379
338383
338385
338388
338391
338394
338397
338400
338401
338404
338407
338410
338413
338416
338420
338422
338426
338438
338441
338444
338447
338450
338454
338456
338460
338463
338466
338469
338471
338475
338477
338480
338484
338487
338490
338492
338506
338507
338508
338511
338513
338517
338520
338523
338525
338526
338530
338533
338535
338539
338542
338544
338547
338550
338553
338555
338556
338558
338559
338563
338575
338579
338582
338585
338588
338591
338593
338596
338599
338603
338606
338608
338612
338614
338618
338621
338624
338627
338630
338642
338645
338648
338651
338654
338656
338660
338663
338666
338668
338672
338675
338678
338680
338684
338686
338689
338692
338695
338708
338711
338714
338718
338720
338723
338726
338729
338732
338735
338738
338741
338744
338747
338750
338754
338757
338760
338763
338776
338777
338780
338782
338785
338788
338791
338794
338797
338800
338803
338807
338809
338812
338816
338818
338822
338824
338828
338830
338843
338847
338848
338850
338851
338852
338854
338857
338861
338863
338867
338870
338873
338875
338879
338881
338884
338887
338890
338893
338897
338900
338912
338916
338918
338921
338925
338928
338931
338933
338936
338940
338942
338945
338948
338951
338954
338958
338961
338963
338967
338979
338983
338986
338988
338992
338994
338997
339001
339004
339007
339009
339012
339015
339016
339019
339022
339025
339029
339032
339034
339048
339051
339054
339056
339058
339059
339062
339065
339067
339070
339073
339077
339078
339081
339084
339088
339090
339093
339097
339099
339103
339115
339119
339121
339125
339127
339131
339133
339137
339140
339142
339146
339148
339152
339155
339157
339161
339164
339167
339169
339182
339186
339189
339191
339194
339196
339197
339199
339200
339203
339205
339208
339210
339214
339217
339219
339222
339226
339229
339232
339235
339237
339240
339254
339257
339260
339263
339265
339268
339272
339275
339276
339277
339281
339284
339287
339289
339291
339292
339293
339294
339296
339298
339299
339301
339305
339308
339310
339323
339327
339329
339332
339336
339339
339342
339345
339348
339351
339353
339356
339359
339363
339366
339368
339371
339375
339377
339391
339394
339396
339399
339402
339405
339409
339410
339412
339413
339414
339416
339419
339421
339424
339426
339430
339433
339436
339438
339442
339444
339448
339460
339463
339466
339470
339473
339476
339479
339482
339484
339486
339487
339489
339492
339495
339497
339499
339500
339503
339504
339507
339511
339514
339516
339520
339532
339536
339538
339539
339542
339545
339546
339548
339550
339551
339553
339557
339559
339562
339565
339569
339571
339575
339578
339581
339583
339586
339587
339588
339600
339604
339606
339610
339612
339616
339619
339622
339625
339627
339631
339634
339636
339639
339642
339645
339648
339651
339654
339668
339670
339674
339676
339680
339682
339686
339689
339691
339695
339698
339700
339704
339707
339710
339712
339716
339718
339721
