92874
92878
92881
92884
92886
92890
92892
92895
92898
92901
92903
92906
92909
92911
92915
92918
92921
92924
92926
92939
92943
92946
92949
92952
92955
92958
92961
92963
92967
92969
92973
92975
92979
92982
92985
92988
92990
92993
93006
93010
93012
93015
93019
93022
93025
93028
93030
93033
93036
93039
93042
93046
93048
93052
93057
93059
93073
93075
93079
93081
93084
93087
93090
93094
93096
93099
93101
93104
93107
93110
93113
93117
93119
93123
93125
93139
93141
93144
93148
93151
93153
93157
93159
93162
93166
93168
93171
93174
93176
93179
93182
93184
93185
93187
93189
93192
93196
93208
93212
93214
93217
93220
93223
93225
93228
93231
93234
93238
93241
93244
93246
93248
93250
93253
93256
93259
93263
93276
93278
93281
93284
93288
93290
93292
93294
93295
93296
93298
93300
93302
93304
93307
93309
93312
93315
93319
93322
93324
93327
93331
93333
93347
93350
93352
93356
93359
93362
93364
93367
93370
93374
93377
93380
93381
93384
93386
93389
93392
93395
93398
93402
93414
93418
93421
93424
93427
93430
93433
93435
93439
93442
93445
93448
93451
93452
93454
93456
93459
93462
93464
93467
93470
93484
93487
93490
93493
93495
93498
93501
93505
93508
93510
93513
93517
93519
93522
93526
93528
93532
93535
93538
93551
93554
93557
93560
93562
93566
93569
93571
93575
93576
93577
93579
93580
93583
93584
93587
93589
93590
93591
93592
93595
93598
93600
93604
93607
93609
93622
93626
93629
93632
93635
93638
93641
93644
93646
93649
93652
93654
93655
93656
93658
93660
93662
93664
93665
93667
93671
93674
93676
93680
93682
93696
93698
93702
93705
93708
93710
93713
93716
93719
93720
93723
93725
93726
93730
93732
93736
93738
93739
93740
93744
93745
93748
93750
93753
93766
93769
93772
93775
93777
93781
93783
93787
93789
93790
93792
93793
93795
93796
93798
93801
93803
93805
93807
93810
93813
93815
93818
93822
93824
93838
93840
93844
93847
93849
93852
93855
93858
93861
93864
93868
93870
93873
93876
93879
93883
93886
93889
93892
93905
93908
93911
93913
93917
93920
93923
93926
93927
93928
93929
93931
93933
93936
93940
93943
93945
93949
93951
93955
93957
93961
93973
93977
93979
93982
93986
93988
93990
93991
93993
93995
93998
94001
94003
94004
94005
94008
94011
94013
94014
94017
94020
94021
94022
94023
94026
94028
94030
94033
94046
94050
94053
94055
94058
94062
94065
94067
94068
94070
94072
94076
94079
94082
94085
94086
94087
94089
94090
94092
94094
94097
94098
94099
94100
94102
94103
94105
94115
94116
94117
94119
94120
94123
94125
94127
94128
94130
94133
94135
94138
94139
94140
94141
94142
94144
94146
94148
94150
94152
94153
94156
94157
94159
94162
94164
94166
94169
94171
94174
94186
94189
94192
94196
94199
94201
94204
94207
94211
94214
94216
94220
94222
94226
94229
94231
94234
94238
94240
94254
94256
94259
94263
94265
94268
94272
94274
94277
94280
94283
94287
94288
94289
94291
94295
94297
94300
94303
94306
94310
94322
94323
94325
94329
94331
94334
94337
94340
94344
94346
94349
94351
94353
94356
94360
94363
94365
94368
94371
94374
94378
94391
94394
94396
94400
94403
94406
94409
94411
94413
94416
94418
94422
94425
94427
94430
94434
94437
94440
94442
94446
94458
94462
94465
94468
94470
94473
94477
94479
94482
94484
94486
94488
94489
94491
94493
94495
94497
94501
94504
94506
94510
94513
94515
94528
94531
94534
94537
94540
94543
94546
94549
94551
94554
94557
94561
94564
94566
94567
94571
94573
94577
94579
94582
94583
94596
94598
94600
94603
94605
94607
94608
94611
94614
94617
94618
94620
94624
94627
94630
94632
94635
94638
94639
94643
94646
94649
94652
94664
94667
94671
94673
94676
94680
94682
94686
94688
94692
94694
94698
94700
94702
94705
94707
94711
94713
94717
94718
94720
94734
94736
94740
94743
94745
94748
94752
94754
94756
94758
94759
94761
94764
94765
94767
94770
94774
94776
94778
94780
94784
94787
94790
94792
94806
94809
94811
94815
94817
94820
94824
94827
94830
94832
94835
94838
94842
94844
94848
94850
94854
94856
94860
94873
94876
94878
94882
94885
94888
94891
94894
94896
94900
94903
94906
94908
94912
94914
94918
94920
94924
94927
94939
94943
94945
94949
94952
94955
94957
94961
94964
94967
94969
94972
94975
94979
94981
94984
94988
94990
94994
