319038
319042
319044
319047
319050
319053
319056
319060
319062
319066
319069
319072
319075
319078
319080
319084
319086
319089
319093
319105
319108
319112
319114
319115
319119
319122
319125
319127
319129
319130
319131
319133
319135
319138
319140
319142
319145
319149
319151
319155
319157
319161
319163
319177
319179
319181
319184
319186
319190
319193
319195
319199
319202
319204
319207
319210
319214
319217
319220
319222
319226
319228
319232
319245
319247
319250
319253
319256
319260
319263
319266
319268
319272
319275
319277
319281
319284
319287
319289
319292
319295
319299
319312
319315
319318
319320
319323
319327
319330
319333
319335
319339
319342
319345
319347
319351
319353
319357
319360
319362
319365
319378
319382
319384
319387
319391
319393
319396
319400
319403
319406
319409
319411
319414
319418
319421
319424
319427
319430
319433
319446
319448
319451
319455
319458
319460
319463
319467
319469
319472
319476
319478
319482
319485
319488
319490
319494
319497
319499
319513
319515
319518
319521
319525
319528
319531
319534
319537
319540
319543
319545
319549
319552
319555
319558
319560
319563
319567
319580
319582
319585
319589
319592
319594
319597
319600
319603
319607
319610
319613
319616
319618
319622
319624
319628
319631
319634
319647
319650
319653
319656
319658
319661
319664
319667
319671
319673
319677
319679
319683
319685
319688
319692
319694
319697
319700
319713
319715
319718
319722
319724
319728
319730
319733
319736
319739
319742
319745
319748
319752
319754
319758
319760
319764
319767
319780
319783
319785
319789
319791
319794
319798
319800
319803
319807
319810
319813
319815
319818
319821
319825
319828
319831
319834
319846
319850
319852
319855
319859
319862
319865
319867
319871
319874
319876
319879
319882
319886
319888
319891
319894
319897
319900
319913
319916
319919
319922
319926
319929
319932
319934
319937
319940
319943
319946
319948
319951
319953
319956
319959
319963
319965
319968
319982
319984
319987
319990
319993
319997
320000
320003
320006
320009
320012
320014
320015
320018
320020
320022
320025
320028
320030
320033
320035
320038
320052
320054
320058
320061
320064
320066
320069
320072
320075
320079
320080
320082
320084
320085
320087
320088
320089
320092
320094
320098
320101
320104
320107
320110
320123
320125
320128
320131
320135
320138
320141
320144
320146
320147
320148
320149
320151
320153
320155
320156
320159
320162
320164
320168
320171
320174
320176
320180
320193
320195
320198
320201
320204
320207
320210
320213
320216
320219
320222
320224
320227
320230
320231
320233
320236
320239
320242
320245
320248
320262
320265
320267
320271
320273
320276
320279
320281
320285
320288
320291
320294
320297
320302
320304
320307
320310
320313
320326
320330
320333
320335
320339
320342
320344
320348
320351
320354
320355
320358
320361
320363
320366
320369
320373
320375
320378
320382
320394
320398
320400
320403
320407
320410
320413
320416
320418
320422
320424
320428
320431
320433
320437
320439
320443
320446
320448
320461
320465
320468
320470
320473
320476
320480
320483
320486
320489
320490
320491
320494
320497
320499
320501
320503
320504
320505
320509
320511
320515
320517
320520
320534
320536
320540
320543
320546
320549
320552
320553
320555
320557
320559
320563
320565
320568
320571
320573
320574
320577
320579
320583
320585
320588
320592
320605
320607
320611
320614
320617
320620
320622
320626
320629
320631
320634
320638
320641
320643
320647
320650
320652
320655
320659
320672
320674
320677
320680
320683
320686
320689
320690
320691
320694
320697
320700
320703
320704
320705
320706
320709
320711
320714
320718
320721
320723
320727
320740
320742
320743
320746
320750
320752
320755
320759
320762
320764
320767
320770
320773
320776
320780
320782
320786
320788
320792
320795
320808
320811
320814
320816
320819
320821
320825
320828
320831
320833
320836
320839
320843
320846
320848
320852
320854
320857
320861
320873
320876
320879
320883
320885
320889
320891
320895
320897
320900
320904
320907
320909
320911
320913
320917
320919
320922
320926
320928
320941
320944
320948
320951
320953
320957
320960
320963
320965
320969
320971
320974
320975
320977
320980
320982
320985
320986
320990
320993
320996
320998
321012
321015
321018
321020
321023
321027
321030
321032
321036
321038
321042
321044
321048
321050
321054
321056
321059
321062
321066
321078
321081
321084
321088
321090
321093
321097
321099
321103
321105
321109
321111
321114
321118
321120
321123
321127
321129
321133
