88709
88712
88715
88718
88720
88723
88727
88729
88732
88735
88738
88741
88744
88748
88750
88754
88757
88759
88772
88776
88778
88782
88784
88787
88791
88793
88797
88800
88803
88805
88809
88812
88815
88818
88821
88823
88826
88839
88842
88846
88849
88852
88854
88856
88858
88859
88860
88863
88867
88869
88872
88876
88879
88882
88884
88887
88891
88893
88896
88909
88912
88915
88918
88921
88924
88928
88931
88934
88936
88939
88943
88946
88949
88952
88955
88957
88961
88963
88977
88979
88983
88985
88988
88991
88995
88997
89000
89004
89006
89010
89013
89015
89018
89021
89024
89027
89030
89043
89046
89049
89052
89056
89058
89062
89065
89068
89070
89074
89076
89080
89082
89085
89088
89092
89095
89098
89111
89114
89116
89120
89122
89125
89128
89131
89134
89138
89140
89143
89146
89150
89152
89156
89159
89161
89165
89178
89181
89183
89186
89190
89192
89196
89198
89202
89205
89208
89211
89213
89216
89219
89223
89226
89228
89232
89245
89247
89251
89254
89256
89259
89262
89264
89266
89270
89272
89276
89278
89281
89284
89287
89290
89294
89296
89300
89312
89315
89319
89321
89324
89327
89331
89333
89335
89337
89341
89344
89347
89349
89352
89355
89359
89362
89365
89368
89381
89383
89387
89390
89393
89396
89398
89401
89404
89407
89409
89413
89416
89419
89421
89424
89427
89430
89433
89446
89450
89452
89455
89458
89461
89465
89467
89470
89474
89476
89479
89482
89485
89489
89491
89494
89498
89500
89514
89517
89519
89523
89525
89529
89532
89534
89538
89539
89542
89544
89548
89550
89553
89557
89560
89563
89566
89568
89581
89584
89588
89591
89593
89597
89599
89603
89605
89609
89612
89615
89617
89620
89623
89627
89629
89633
89636
89649
89651
89655
89658
89661
89664
89666
89670
89673
89675
89678
89681
89682
89685
89686
89689
89692
89696
89698
89702
89704
89717
89720
89723
89725
89728
89730
89734
89737
89739
89743
89745
89748
89751
89754
89757
89758
89760
89762
89766
89768
89772
89774
89787
89790
89794
89797
89800
89803
89806
89808
89811
89815
89818
89820
89824
89826
89829
89832
89836
89839
89842
89855
89858
89860
89863
89867
89870
89872
89875
89878
89882
89885
89888
89890
89894
89896
89899
89903
89906
89908
89921
89925
89927
89931
89934
89937
89940
89941
89943
89947
89949
89952
89956
89958
89962
89964
89968
89970
89974
89977
89990
89992
89995
89996
89999
90002
90005
90009
90012
90015
90017
90021
90022
90025
90026
90028
90031
90034
90038
90040
90043
90046
90060
90063
90065
90069
90071
90075
90078
90080
90083
90086
90089
90093
90095
90099
90102
90104
90108
90110
90114
90126
90129
90132
90136
90138
90141
90145
90148
90150
90152
90155
90157
90161
90164
90166
90168
90170
90174
90176
90179
90182
90195
90199
90202
90203
90206
90209
90212
90214
90218
90221
90224
90226
90229
90232
90235
90239
90242
90244
90248
90260
90263
90266
90270
90273
90275
90278
90281
90284
90287
90290
90292
90295
90297
90301
90304
90307
90309
90312
90315
90328
90331
90335
90337
90341
90343
90347
90350
90352
90356
90358
90361
90362
90364
90367
90369
90370
90374
90375
90377
90379
90382
90385
90388
90400
90404
90406
90409
90413
90416
90418
90421
90424
90427
90430
90431
90433
90436
90438
90440
90442
90446
90449
90452
90455
90458
90470
90473
90477
90479
90483
90485
90488
90491
90495
90497
90499
90500
90503
90506
90508
90512
90514
90517
90520
90524
90527
90539
90543
90545
90548
90552
90555
90558
90561
90563
90567
90570
90572
90576
90578
90581
90585
90588
90591
90593
90606
90609
90613
90616
90619
90622
90625
90626
90628
90630
90631
90633
90634
90638
90640
90644
90647
90649
90652
90654
90656
90657
90658
90660
90662
90666
90669
90682
90685
90688
90690
90693
90697
90700
90702
90706
90708
90712
90714
90717
90720
90724
90726
90730
90733
90735
90748
90750
90754
90756
90760
90762
90765
90769
90772
90775
90776
90778
90781
90782
90785
90787
90790
90792
90795
90799
90801
90805
