80479
80482
80484
80487
80490
80492
80495
80499
80501
80503
80504
80505
80506
80507
80509
80511
80513
80516
80519
80522
80526
80528
80531
80544
80548
80551
80553
80556
80560
80562
80565
80568
80573
80577
80579
80582
80595
80597
80600
80604
80606
80610
80612
80616
80618
80622
80624
80628
80631
80633
80636
80639
80645
80647
80661
80663
80667
80670
80673
80675
80679
80682
80684
80687
80691
80694
80696
80700
80703
80706
80708
80711
80715
80728
80731
80734
80737
80739
80742
80745
80748
80752
80754
80757
80761
80762
80764
80767
80771
80774
80776
80779
80783
80795
80798
80801
80804
80808
80811
80814
80815
80817
80818
80820
80822
80825
80828
80831
80834
80837
80841
80843
80847
80849
80853
80865
80868
80871
80874
80878
80881
80883
80886
80890
80893
80895
80898
80901
80902
80905
80907
80910
80913
80915
80919
80921
80934
80938
80941
80943
80945
80947
80949
80950
80952
80956
80959
80960
80962
80966
80969
80972
80975
80978
80980
80984
80987
80990
80993
81005
81009
81012
81014
81016
81018
81020
81022
81024
81026
81029
81032
81036
81038
81042
81044
81048
81050
81054
81056
81060
81062
81076
81079
81082
81084
81087
81091
81093
81096
81097
81098
81101
81105
81108
81110
81113
81115
81118
81120
81124
81127
81139
81143
81144
81146
81149
81151
81153
81155
81158
81160
81163
81166
81168
81170
81171
81172
81174
81176
81179
81181
81184
81188
81191
81194
81196
81199
81212
81216
81219
81221
81225
81227
81231
81234
81237
81239
81242
81245
81249
81251
81254
81257
81260
81264
81267
81280
81283
81285
81289
81292
81295
81297
81300
81303
81306
81308
81311
81314
81318
81321
81323
81326
81330
81333
81345
81348
81351
81355
81358
81360
81363
81367
81369
81373
81376
81377
81379
81382
81385
81388
81391
81395
81398
81400
81414
81416
81418
81421
81422
81424
81426
81429
81432
81435
81438
81441
81443
81446
81449
81452
81456
81458
81461
81465
81467
81480
81484
81486
81490
81492
81494
81496
81499
81502
81504
81507
81510
81513
81515
81518
81522
81525
81528
81531
81533
81537
81549
81552
81556
81557
81560
81562
81566
81568
81570
81573
81577
81580
81582
81585
81591
81593
81596
81599
81602
81616
81618
81621
81625
81627
81630
81633
81637
81640
81642
81645
81647
81649
81653
81655
81659
81661
81664
81668
81670
81683
81687
81690
81692
81694
81695
81697
81699
81701
81702
81705
81706
81708
81711
81714
81718
81720
81723
81727
81729
81732
81736
81738
81741
81755
81758
81760
81763
81764
81765
81767
81768
81769
81773
81774
81777
81780
81782
81786
81788
81791
81794
81797
81801
81804
81806
81809
81813
81825
81828
81831
81834
81837
81840
81844
81846
81849
81853
81856
81859
81862
81865
81868
81870
81873
81876
81880
81893
81895
81899
81901
81904
81907
81911
81913
81916
81919
81923
81926
81928
81932
81935
81937
81941
81944
81947
81960
81963
81965
81966
81968
81970
81971
81973
81975
81978
81980
81984
81987
81990
81992
81996
81998
82002
82005
82007
82009
82010
82012
82014
82017
82020
82033
82035
82038
82042
82045
82048
82050
82054
82056
82059
82062
82066
82068
82071
82075
82077
82081
82084
82087
82100
82102
82106
82107
82109
82113
82114
82116
82120
82122
82126
82131
82134
82137
82140
82143
82145
82148
82152
82155
82168
82170
82174
82176
82179
82182
82186
82188
82192
82195
82198
82200
82203
82206
82210
82213
82215
82219
82221
82235
82237
82241
82244
82246
82249
82253
82256
82259
82262
82265
82267
82270
82274
82276
82279
82282
82286
82289
82301
82305
82308
82311
82314
82316
82319
82323
82326
82328
82331
82335
82337
82339
82343
82346
82348
82352
82355
82367
82371
82374
82377
82379
82382
82385
82388
82391
82394
82398
82401
82403
82406
82410
82412
82416
82419
82422
82435
82437
82441
82443
82446
82449
82452
82456
82458
82461
82464
82466
82470
82473
82476
82478
82482
82484
82487
