333499
333502
333504
333506
333509
333512
333514
333515
333516
333518
333521
333525
333527
333531
333534
333537
333540
333542
333545
333548
333552
333554
333567
333571
333574
333576
333579
333582
333585
333589
333592
333595
333598
333601
333603
333606
333610
333612
333616
333619
333622
333635
333637
333639
333640
333641
333643
333646
333650
333653
333656
333658
333662
333665
333667
333671
333673
333676
333680
333683
333685
333689
333702
333704
333707
333710
333713
333716
333720
333723
333725
333728
333732
333734
333737
333740
333743
333747
333749
333753
333755
333768
333771
333773
333775
333778
333782
333784
333788
333791
333794
333797
333799
333802
333805
333809
333812
333814
333817
333821
333834
333837
333839
333843
333845
333848
333852
333855
333858
333861
333864
333867
333868
333869
333871
333872
333873
333874
333875
333877
333879
333881
333884
333887
333889
333893
333905
333909
333911
333915
333917
333921
333924
333926
333929
333933
333936
333939
333941
333945
333947
333950
333954
333957
333959
333973
333975
333978
333982
333985
333988
333990
333993
333997
333999
334002
334006
334009
334012
334015
334018
334021
334024
334027
334039
334042
334046
334049
334051
334055
334057
334061
334064
334066
334070
334072
334075
334078
334081
334086
334090
334093
334105
334108
334111
334114
334117
334121
334123
334127
334129
334132
334135
334139
334141
334144
334147
334150
334153
334156
334159
334173
334176
334178
334182
334184
334187
334190
334191
334194
334196
334200
334203
334206
334208
334211
334214
334218
334220
334223
334226
334240
334242
334245
334248
334252
334255
334258
334260
334263
334264
334266
334268
334271
334273
334276
334279
334282
334286
334289
334291
334294
334307
334310
334314
334316
334319
334322
334325
334328
334332
334334
334338
334341
334343
334347
334350
334353
334355
334358
334362
334375
334378
334380
334384
334387
334390
334393
334396
334399
334402
334404
334408
334410
334413
334417
334420
334423
334425
334429
334441
334444
334447
334450
334453
334456
334459
334462
334465
334469
334472
334474
334478
334481
334483
334486
334489
334492
334496
334508
334511
334515
334517
334521
334524
334527
334529
334532
334536
334538
334542
334544
334547
334551
334553
334557
334560
334563
334575
334579
334582
334584
334587
334590
334594
334596
334599
334602
334605
334606
334608
334610
334613
334616
334618
334621
334622
334625
334628
334631
334643
334647
334649
334653
334655
334659
334662
334665
334668
334670
334673
334677
334680
334682
334686
334689
334692
334694
334698
334710
334712
334714
334715
334717
334719
334722
334724
334728
334730
334734
334736
334739
334742
334745
334748
334752
334755
334757
334760
334764
334767
334780
334783
334785
334787
334788
334790
334791
334795
334798
334800
334804
334806
334810
334812
334816
334819
334822
334824
334828
334830
334833
334836
334849
334853
334856
334858
334859
334860
334862
334865
334868
334870
334873
334877
334879
334882
334885
334889
334892
334895
334897
334900
334903
334917
334920
334923
334925
334929
334931
334935
334938
334941
334943
334946
334949
334953
334955
334958
334962
334964
334968
334971
334983
334986
334990
334992
334994
334995
334996
334998
335000
335002
335005
335008
335010
335013
335016
335019
335023
335026
335029
335032
335035
335037
335041
335053
335055
335058
335061
335064
335067
335071
335074
335077
335079
335083
335086
335089
335091
335095
335098
335100
335104
335106
335119
335123
335125
335129
335132
335135
335137
335140
335144
335146
335149
335152
335155
335159
335162
335165
335167
335171
335174
335186
335190
335193
335195
335198
335201
335204
335205
335209
335211
335214
335217
335221
335224
335227
335230
335232
335236
335239
335241
335255
335257
335259
335262
335265
335268
335270
335274
335276
335280
335282
335285
335289
335291
335294
335298
335301
335304
335306
335309
335323
335325
335329
335332
335334
335337
335340
335344
335347
335348
335349
335352
335354
335358
335360
335364
335367
335370
335373
335375
335379
335392
335394
335397
335401
335403
335406
335409
335412
335416
335419
335422
335424
335428
335430
335434
335436
335439
335442
335445
335458
335462
335465
335467
335469
335472
335474
335477
335479
335482
335485
335487
335488
335489
335491
335492
335495
335497
335501
335504
335506
335510
335512
335516
335529
335532
335534
335537
335540
335543
335546
335550
335553
335554
335557
335559
335563
335565
335569
335572
335574
335578
335581
335583
