82501
82504
82509
82512
82515
82517
82520
82523
82526
82530
82533
82535
82539
82541
82544
82548
82551
82564
82566
82569
82572
82576
82579
82582
82585
82588
82590
82594
82597
82600
82603
82605
82608
82612
82614
82618
82631
82634
82637
82639
82642
82645
82648
82652
82655
82658
82660
82664
82666
82670
82672
82676
82678
82681
82685
82697
82700
82704
82707
82709
82713
82716
82719
82722
82724
82728
82731
82733
82737
82740
82742
82745
82748
82752
82764
82767
82771
82773
82777
82779
82783
82785
82788
82791
82794
82797
82800
82804
82807
82809
82812
82815
82819
82831
82835
82838
82840
82842
82843
82845
82849
82852
82854
82858
82860
82863
82866
82870
82872
82876
82879
82882
82884
82887
82901
82903
82906
82909
82913
82916
82919
82921
82925
82927
82931
82933
82937
82939
82942
82945
82949
82951
82955
82967
82971
82974
82977
82980
82982
82985
82989
82991
82994
82998
83000
83005
83008
83011
83014
83018
83021
83033
83037
83040
83042
83046
83048
83051
83053
83056
83057
83060
83062
83064
83068
83069
83070
83071
83073
83075
83078
83081
83084
83088
83090
83093
83107
83109
83113
83115
83117
83120
83122
83126
83128
83131
83135
83138
83141
83143
83147
83150
83152
83155
83159
83161
83174
83178
83181
83183
83186
83190
83192
83198
83201
83203
83207
83209
83211
83213
83217
83220
83223
83226
83228
83241
83243
83247
83250
83252
83255
83259
83261
83264
83267
83270
83273
83276
83279
83285
83287
83290
83294
83306
83310
83312
83315
83319
83322
83324
83327
83331
83334
83337
83339
83343
83345
83349
83351
83357
83359
83372
83376
83378
83382
83385
83386
83388
83389
83391
83393
83394
83397
83400
83404
83407
83409
83413
83416
83419
83422
83424
83427
83431
83443
83447
83449
83452
83456
83458
83461
83464
83467
83470
83472
83474
83478
83480
83483
83487
83489
83493
83495
83498
83512
83515
83518
83520
83523
83526
83529
83531
83533
83536
83540
83543
83545
83549
83551
83555
83558
83560
83563
83566
83580
83582
83586
83588
83592
83595
83597
83598
83600
83601
83603
83605
83608
83610
83613
83616
83619
83623
83625
83628
83632
83634
83637
83651
83654
83656
83659
83662
83666
83668
83671
83674
83677
83680
83684
83687
83690
83693
83695
83698
83702
83704
83717
83720
83724
83727
83729
83732
83736
83737
83740
83742
83744
83746
83750
83752
83755
83758
83761
83764
83767
83771
83774
83786
83789
83792
83795
83798
83802
83804
83808
83810
83814
83816
83819
83822
83825
83828
83831
83835
83838
83840
83854
83857
83859
83863
83865
83868
83871
83875
83877
83880
83883
83885
83886
83889
83891
83895
83897
83901
83903
83907
83909
83922
83925
83928
83931
83934
83937
83940
83944
83946
83948
83950
83954
83957
83960
83963
83965
83968
83972
83974
83978
83991
83994
83997
83999
84003
84005
84009
84012
84015
84018
84021
84023
84026
84030
84033
84035
84038
84041
84044
84058
84061
84064
84067
84068
84070
84072
84075
84078
84080
84083
84086
84090
84092
84095
84098
84101
84105
84107
84111
84113
84127
84129
84132
84134
84136
84139
84143
84146
84148
84152
84155
84157
84160
84164
84166
84169
84172
84175
84179
84191
84194
84197
84200
84203
84207
84209
84212
84215
84218
84222
84224
84227
84230
84234
84237
84240
84243
84246
84258
84261
84265
84267
84271
84274
84277
84280
84282
84286
84289
84291
84295
84298
84301
84304
84306
84309
84313
84325
84329
84332
84335
84338
84340
84343
84346
84352
84354
84358
84361
84364
84367
84369
84372
84376
84379
84391
84394
84398
84401
84404
84406
84410
84412
84415
84419
84422
84425
84427
84431
84433
84437
84439
84443
84446
84459
84462
84464
84467
84471
84474
84476
84479
84482
84485
84488
84490
84493
84497
84499
84503
84506
84508
84511
84515
84528
84530
84533
84534
84537
84540
84542
84544
84547
84550
84553
84556
84560
84562
84565
84569
84571
84574
84577
84580
84583
