327244
327247
327249
327251
327253
327256
327258
327261
327264
327268
327271
327273
327276
327280
327283
327285
327288
327292
327295
327298
327301
327314
327316
327320
327322
327325
327329
327332
327334
327338
327340
327342
327345
327346
327348
327352
327354
327357
327360
327363
327367
327369
327382
327386
327389
327391
327395
327397
327401
327404
327407
327409
327413
327416
327419
327422
327424
327428
327431
327433
327437
327450
327453
327456
327458
327462
327464
327467
327471
327473
327476
327479
327483
327485
327488
327492
327495
327498
327501
327504
327517
327520
327523
327526
327529
327531
327535
327538
327539
327542
327543
327547
327549
327552
327556
327559
327561
327565
327567
327570
327571
327584
327588
327591
327594
327597
327599
327602
327605
327609
327611
327613
327614
327617
327619
327623
327625
327628
327632
327635
327637
327651
327653
327657
327660
327663
327665
327668
327671
327674
327678
327680
327683
327686
327690
327692
327695
327698
327702
327704
327717
327720
327723
327726
327730
327733
327735
327738
327742
327745
327748
327751
327753
327757
327759
327763
327766
327769
327771
327785
327788
327791
327794
327796
327800
327803
327805
327809
327811
327812
327815
327817
327820
327823
327825
327828
327831
327834
327837
327841
327853
327856
327859
327862
327865
327869
327872
327875
327877
327880
327884
327886
327889
327893
327895
327898
327901
327904
327908
327921
327923
327927
327929
327932
327935
327938
327941
327944
327948
327950
327952
327954
327956
327957
327959
327961
327963
327965
327967
327971
327973
327977
327980
327993
327995
327998
328001
328005
328008
328010
328014
328016
328020
328021
328023
328025
328027
328031
328033
328037
328040
328042
328045
328059
328062
328064
328067
328071
328074
328076
328077
328079
328080
328081
328084
328086
328088
328091
328095
328097
328101
328103
328106
328110
328113
328116
328128
328132
328135
328137
328140
328144
328147
328149
328152
328154
328155
328158
328162
328164
328168
328171
328174
328177
328179
328182
328196
328198
328201
328205
328208
328211
328214
328216
328219
328223
328226
328227
328230
328233
328236
328239
328241
328245
328247
328250
328264
328266
328269
328272
328276
328278
328282
328285
328287
328291
328293
328295
328297
328299
328301
328302
328304
328306
328307
328308
328311
328312
328316
328318
328321
328334
328338
328340
328343
328345
328348
328352
328354
328358
328361
328363
328365
328367
328371
328374
328377
328380
328383
328386
328389
328401
328404
328408
328411
328414
328416
328419
328423
328425
328428
328429
328431
328432
328433
328434
328437
328441
328444
328447
328450
328453
328456
328468
328471
328474
328478
328481
328483
328487
328489
328492
328495
328496
328498
328500
328504
328507
328509
328513
328516
328518
328521
328534
328537
328541
328543
328546
328549
328552
328555
328558
328562
328565
328568
328570
328574
328576
328580
328583
328585
328589
328601
328604
328606
328609
328612
328616
328619
328622
328624
328628
328631
328633
328637
328639
328642
328645
328648
328652
328654
328665
328668
328672
328674
328678
328681
328683
328687
328690
328693
328695
328699
328702
328705
328707
328711
328712
328713
328714
328715
328717
328719
328722
328735
328739
328741
328744
328747
328750
328754
328757
328759
328763
328765
328769
328772
328774
328777
328778
328779
328780
328781
328782
328785
328788
328791
328804
328808
328810
328811
328814
328815
328818
328820
328823
328825
328829
328831
328835
328838
328841
328844
328847
328849
328853
328855
328859
328861
328874
328878
328880
328883
328887
328889
328892
328895
328898
328902
328904
328908
328911
328912
328914
328917
328920
328923
328927
328930
328942
328945
328948
328951
328954
328958
328960
328964
328967
328970
328973
328976
328979
328982
328985
328987
328990
328993
328997
329009
329013
329015
329019
329021
329025
329027
329030
329033
329037
329040
329042
329046
329049
329052
329055
329058
329060
329064
329076
329080
329081
329083
329085
329086
329087
329088
329089
329092
329096
329098
329101
329105
329108
329109
329111
329112
329116
329118
329121
329124
329128
329131
329133
329146
329150
329152
329156
329158
329161
329163
329166
329168
329170
329173
329176
329179
329181
329185
329188
329191
329194
329197
329199
329202
329214
329217
329221
329224
329227
329230
329232
329235
329239
329242
329245
329248
329251
329254
329257
329258
329260
329263
329265
329268
329270
329284
329286
329290
329293
329296
329299
329302
329304
329307
329310
329314
329317
329319
329322
329326
329329
329332
329334
329338
