329350
329353
329356
329359
329362
329364
329366
329369
329373
329375
329377
329381
329383
329386
329390
329392
329395
329398
329401
329405
329418
329420
329423
329427
329429
329432
329436
329439
329441
329445
329446
329448
329451
329454
329457
329460
329464
329466
329470
329473
329486
329488
329491
329494
329497
329501
329503
329507
329509
329512
329516
329518
329521
329525
329527
329531
329533
329536
329540
329552
329555
329558
329560
329561
329564
329566
329570
329573
329576
329579
329581
329585
329587
329591
329593
329597
329599
329602
329606
329618
329622
329625
329628
329630
329634
329637
329640
329643
329645
329649
329652
329655
329658
329660
329663
329667
329669
329672
329686
329689
329691
329694
329697
329700
329704
329706
329709
329713
329715
329719
329721
329724
329727
329729
329730
329734
329737
329739
329752
329756
329759
329762
329764
329767
329770
329773
329777
329778
329780
329784
329787
329790
329793
329795
329798
329802
329804
329808
329821
329824
329826
329830
329832
329834
329837
329839
329840
329843
329845
329847
329849
329850
329852
329854
329856
329859
329863
329866
329868
329871
329874
329877
329880
329893
329897
329899
329902
329905
329908
329911
329915
329917
329920
329923
329926
329928
329929
329930
329932
329934
329937
329940
329943
329946
329947
329949
329963
329965
329968
329969
329972
329976
329978
329982
329984
329987
329989
329990
329991
329993
329995
329998
330002
330004
330008
330011
330013
330017
330020
330033
330036
330039
330042
330045
330048
330051
330054
330056
330058
330059
330061
330063
330064
330066
330069
330073
330075
330079
330081
330084
330087
330100
330104
330107
330109
330113
330115
330119
330122
330124
330127
330129
330131
330135
330138
330141
330144
330146
330149
330152
330155
330169
330172
330174
330177
330181
330183
330187
330189
330193
330196
330198
330201
330203
330206
330209
330212
330214
330215
330218
330219
330222
330226
330238
330241
330245
330248
330251
330253
330257
330259
330262
330266
330268
330272
330274
330276
330279
330281
330284
330287
330290
330294
330307
330310
330312
330316
330319
330322
330323
330324
330325
330326
330327
330329
330333
330335
330338
330341
330345
330348
330351
330354
330357
330359
330362
330376
330379
330382
330385
330387
330391
330394
330396
330398
330401
330404
330406
330407
330410
330412
330414
330417
330420
330424
330427
330430
330433
330446
330449
330451
330455
330458
330460
330464
330466
330467
330468
330469
330471
330473
330475
330476
330479
330482
330485
330488
330490
330492
330494
330498
330500
330503
330517
330520
330522
330524
330525
330528
330531
330533
330537
330540
330543
330546
330549
330552
330555
330557
330561
330564
330566
330580
330583
330586
330588
330591
330594
330598
330600
330603
330607
330609
330612
330616
330618
330622
330625
330628
330629
330632
330635
330648
330651
330653
330656
330660
330662
330665
330669
330671
330675
330678
330680
330684
330686
330690
330693
330695
330698
330702
330715
330717
330721
330724
330727
330730
330733
330736
330739
330741
330744
330747
330750
330754
330757
330759
330762
330766
330768
330781
330785
330786
330789
330791
330794
330797
330801
330804
330805
330806
330808
330810
330813
330815
330819
330822
330825
330828
330830
330834
330837
330850
330853
330855
330858
330862
330865
330868
330871
330873
330877
330879
330882
330886
330889
330891
330894
330897
330900
330904
330915
330917
330918
330921
330924
330928
330930
330931
330934
330937
330941
330943
330946
330950
330952
330955
330958
330961
330965
330968
330970
330983
330987
330990
330993
330996
330999
331002
331004
331007
331010
331014
331016
331019
331022
331026
331029
331032
331034
331038
331050
331053
331056
331060
331062
331066
331068
331072
331073
331075
331077
331081
331083
331087
331090
331093
331096
331099
331102
331104
331117
331120
331123
331127
331130
331133
331136
331138
331141
331144
331148
331150
331154
331157
331160
331162
331165
331168
331171
331184
331188
331190
331193
331196
331199
331203
331206
331208
331211
331215
331218
331221
331224
331227
331229
331233
331236
331239
331252
331254
331258
331261
331264
331267
331269
331273
331275
331279
331282
331285
331287
331290
331294
331296
331299
331302
331306
331318
331321
331324
331327
331331
331333
331336
331340
331342
331346
331348
331352
331355
331357
331360
331364
331367
331370
331373
