90817
90821
90823
90826
90830
90833
90836
90838
90842
90845
90847
90849
90850
90853
90854
90857
90860
90862
90866
90869
90871
90884
90887
90890
90894
90896
90900
90902
90906
90908
90912
90915
90916
90919
90920
90923
90925
90928
90932
90935
90937
90940
90954
90956
90959
90963
90966
90969
90971
90974
90977
90979
90982
90985
90986
90989
90992
90995
90998
91000
91004
91007
91009
91023
91026
91028
91031
91035
91038
91041
91043
91046
91050
91053
91055
91058
91061
91064
91067
91070
91073
91077
91089
91093
91096
91099
91102
91105
91107
91111
91114
91116
91120
91123
91125
91126
91128
91130
91133
91136
91140
91143
91145
91158
91162
91164
91167
91170
91173
91176
91179
91182
91184
91186
91189
91192
91193
91196
91199
91203
91205
91209
91212
91214
91228
91231
91234
91237
91240
91243
91245
91248
91252
91254
91258
91260
91261
91265
91267
91271
91274
91276
91279
91282
91295
91299
91301
91304
91308
91310
91313
91317
91320
91322
91325
91328
91332
91335
91338
91341
91344
91347
91349
91363
91365
91369
91371
91375
91377
91380
91383
91386
91390
91393
91394
91397
91398
91400
91401
91402
91406
91408
91411
91414
91418
91420
91433
91436
91439
91442
91446
91449
91452
91455
91457
91459
91460
91462
91465
91468
91470
91471
91473
91474
91478
91481
91483
91486
91490
91503
91505
91509
91511
91514
91517
91521
91524
91525
91526
91528
91529
91531
91533
91534
91536
91539
91542
91546
91548
91551
91554
91557
91571
91573
91577
91579
91582
91586
91589
91592
91594
91597
91600
91604
91606
91608
91610
91613
91616
91620
91622
91626
91638
91641
91644
91647
91651
91654
91657
91658
91660
91662
91664
91667
91669
91671
91674
91678
91680
91683
91687
91690
91692
91696
91709
91712
91715
91718
91720
91723
91726
91729
91732
91735
91738
91742
91744
91745
91748
91751
91753
91757
91759
91763
91776
91779
91781
91784
91786
91788
91792
91795
91797
91800
91802
91803
91805
91807
91810
91813
91816
91819
91821
91824
91828
91830
91833
91846
91849
91852
91855
91859
91862
91865
91867
91870
91873
91876
91878
91879
91882
91884
91887
91890
91893
91897
91899
91902
91915
91918
91922
91925
91928
91931
91934
91937
91939
91942
91946
91948
91952
91955
91958
91960
91964
91967
91970
91982
91985
91989
91992
91994
91998
92000
92003
92006
92010
92013
92016
92019
92021
92024
92027
92031
92034
92037
92050
92052
92056
92058
92061
92064
92067
92071
92073
92076
92079
92082
92085
92088
92090
92092
92095
92098
92100
92104
92116
92120
92123
92126
92128
92132
92135
92138
92141
92144
92146
92150
92151
92153
92155
92156
92158
92160
92162
92166
92168
92171
92174
92187
92191
92194
92196
92199
92203
92206
92208
92211
92215
92218
92221
92223
92227
92229
92231
92233
92237
92239
92243
92255
92259
92261
92264
92268
92271
92274
92276
92279
92282
92285
92286
92288
92289
92291
92293
92297
92300
92302
92306
92308
92311
92324
92327
92330
92334
92336
92339
92343
92346
92348
92350
92354
92357
92360
92362
92364
92366
92367
92370
92373
92375
92379
92391
92394
92397
92400
92404
92407
92408
92410
92412
92413
92415
92417
92420
92422
92425
92426
92429
92431
92434
92437
92439
92443
92445
92449
92452
92465
92468
92471
92474
92476
92480
92482
92486
92489
92491
92495
92496
92498
92500
92503
92505
92507
92510
92512
92516
92519
92531
92535
92538
92540
92543
92546
92550
92553
92556
92557
92558
92561
92562
92564
92566
92568
92571
92575
92578
92580
92583
92586
92589
92603
92605
92608
92612
92615
92617
92620
92624
92626
92630
92631
92632
92636
92639
92642
92645
92648
92650
92654
92657
92670
92672
92676
92678
92682
92685
92688
92689
92690
92693
92695
92697
92700
92702
92706
92708
92712
92715
92717
92720
92724
92736
92739
92743
92745
92748
92751
92754
92758
92761
92764
92767
92769
92773
92775
92778
92782
92784
92788
92791
92804
92806
92809
92812
92816
92818
92821
92823
92826
92828
92832
92833
92836
92837
92839
92843
92845
92847
92850
92853
92855
92859
92862
