335596
335600
335602
335605
335609
335612
335614
335617
335620
335623
335625
335627
335628
335630
335632
335634
335635
335637
335639
335642
335645
335649
335652
335665
335668
335670
335674
335677
335680
335682
335685
335689
335691
335694
335697
335701
335704
335706
335709
335712
335715
335719
335732
335734
335738
335741
335743
335747
335749
335752
335756
335759
335761
335765
335767
335771
335773
335776
335779
335783
335786
335798
335801
335805
335808
335810
335814
335816
335820
335821
335824
335827
335830
335832
335833
335836
335838
335839
335841
335844
335846
335848
335852
335855
335857
335870
335874
335877
335880
335882
335883
335886
335887
335891
335894
335897
335898
335900
335902
335903
335906
335910
335912
335915
335919
335922
335924
335928
335940
335943
335945
335948
335950
335954
335956
335960
335962
335965
335969
335971
335975
335977
335981
335983
335986
335989
335992
335996
336009
336011
336012
336013
336014
336016
336017
336020
336024
336025
336028
336030
336033
336037
336039
336042
336046
336049
336052
336054
336058
336061
336064
336066
336080
336083
336086
336089
336092
336094
336097
336101
336104
336106
336110
336112
336116
336118
336121
336124
336127
336130
336133
336146
336150
336153
336155
336158
336162
336164
336168
336171
336173
336175
336176
336178
336180
336183
336187
336189
336192
336196
336198
336202
336214
336217
336220
336222
336224
336225
336226
336229
336232
336234
336238
336241
336243
336246
336249
336253
336255
336259
336262
336264
336268
336271
336283
336287
336289
336293
336295
336298
336301
336305
336307
336311
336314
336317
336319
336322
336326
336329
336331
336335
336338
336351
336353
336356
336359
336361
336362
336364
336366
336367
336369
336370
336373
336375
336379
336380
336382
336383
336386
336389
336391
336395
336398
336400
336403
336407
336409
336422
336426
336428
336432
336434
336438
336441
336443
336446
336450
336453
336456
336459
336462
336464
336467
336470
336474
336476
336490
336492
336493
336495
336496
336497
336499
336500
336503
336505
336508
336512
336515
336517
336519
336520
336522
336523
336525
336526
336529
336533
336535
336538
336542
336545
336547
336551
336564
336567
336569
336572
336575
336578
336581
336585
336588
336591
336593
336596
336600
336603
336605
336609
336612
336615
336618
336630
336632
336633
336636
336639
336642
336645
336648
336651
336655
336658
336661
336663
336667
336669
336672
336675
336679
336682
336685
336697
336701
336704
336707
336710
336712
336716
336719
336722
336725
336727
336730
336733
336737
336739
336742
336745
336748
336751
336764
336765
336767
336769
336772
336776
336778
336782
336785
336787
336791
336793
336797
336800
336803
336805
336809
336812
336814
336817
336829
336830
336832
336834
336837
336840
336843
336845
336849
336852
336855
336857
336861
336863
336867
336870
336872
336875
336878
336881
336884
336896
336900
336902
336906
336909
336911
336915
336917
336920
336924
336927
336930
336932
336935
336939
336941
336945
336947
336951
336964
336966
336970
336973
336976
336978
336981
336984
336987
336990
336993
336995
336997
337000
337005
337009
337012
337014
337028
337030
337034
337036
337040
337043
337045
337049
337052
337054
337057
337060
337063
337067
337069
337072
337076
337079
337082
337094
337098
337101
337104
337107
337110
337112
337116
337118
337122
337125
337127
337130
337132
337135
337138
337141
337143
337147
337159
337162
337165
337168
337171
337175
337178
337181
337184
337186
337189
337192
337195
337198
337201
337204
337208
337210
337214
337226
337229
337233
337236
337238
337241
337245
337248
337251
337253
337256
337260
337263
337266
337269
337271
337274
337277
337280
337293
337297
337300
337302
337306
337309
337312
337314
337317
337320
337324
337326
337329
337332
337334
337336
337338
337340
337344
337346
337350
337362
337366
337368
337371
337374
337377
337380
337383
337387
337389
337392
337395
337399
337402
337405
337407
337410
337413
337417
337430
337432
337435
337439
337442
337445
337448
337450
337454
337456
337460
337463
337466
337468
337472
337474
337478
337481
337484
337496
337499
337503
337505
337508
337511
337514
337517
337521
337524
337526
337530
337533
337536
337539
337541
337545
337548
337551
337564
337566
337569
337572
337576
337578
337581
337584
337588
337591
337594
337596
337598
337599
337600
337604
337606
337610
337612
337615
337618
