323109
323112
323115
323118
323122
323125
323127
323130
323133
323136
323140
323143
323145
323148
323151
323154
323158
323160
323164
323176
323180
323183
323185
323189
323192
323195
323198
323201
323203
323207
323209
323212
323216
323218
323221
323225
323227
323230
323243
323247
323250
323252
323255
323258
323261
323264
323267
323270
323274
323276
323279
323283
323286
323288
323292
323294
323298
323310
323314
323316
323319
323322
323325
323329
323332
323334
323338
323341
323343
323347
323349
323352
323355
323358
323361
323364
323377
323381
323384
323386
323389
323393
323395
323398
323401
323404
323408
323410
323413
323416
323419
323422
323425
323429
323431
323444
323447
323450
323453
323456
323459
323462
323466
323468
323472
323475
323477
323481
323484
323487
323490
323493
323496
323499
323512
323515
323517
323521
323524
323526
323530
323532
323536
323539
323542
323544
323548
323550
323554
323556
323560
323562
323566
323578
323580
323582
323585
323588
323590
323594
323597
323599
323602
323606
323608
323611
323612
323613
323616
323618
323619
323623
323626
323629
323632
323635
323647
323651
323654
323656
323659
323663
323665
323669
323672
323675
323677
323681
323683
323686
323690
323692
323695
323698
323702
323714
323718
323721
323723
323727
323730
323732
323735
323739
323742
323745
323748
323750
323754
323757
323759
323763
323765
323769
323782
323784
323788
323791
323794
323796
323799
323802
323805
323808
323811
323815
323817
323821
323823
323827
323830
323833
323835
323849
323851
323854
323858
323860
323864
323867
323869
323872
323876
323879
323881
323884
323887
323891
323893
323897
323900
323903
323915
323918
323921
323924
323927
323932
323935
323938
323940
323944
323946
323948
323950
323951
323953
323954
323957
323961
323963
323967
323970
323983
323986
323989
323992
323994
323997
324000
324003
324007
324010
324013
324016
324019
324021
324024
324027
324031
324034
324037
324049
324052
324055
324058
324061
324065
324068
324071
324073
324077
324080
324082
324085
324088
324091
324095
324097
324101
324103
324116
324120
324122
324126
324129
324132
324135
324137
324141
324144
324147
324149
324152
324155
324158
324161
324164
324168
324171
324184
324186
324189
324193
324195
324199
324201
324204
324207
324211
324214
324216
324220
324222
324225
324228
324232
324234
324238
324251
324253
324256
324259
324262
324265
324268
324272
324274
324277
324280
324284
324287
324289
324292
324296
324298
324301
324305
324317
324320
324323
324326
324329
324333
324335
324338
324342
324345
324347
324351
324354
324356
324360
324363
324366
324369
324371
324384
324388
324390
324394
324396
324400
324402
324405
324409
324411
324412
324415
324417
324420
324423
324426
324429
324432
324434
324437
324441
324454
324457
324460
324462
324466
324468
324472
324475
324478
324481
324483
324484
324485
324487
324490
324492
324494
324497
324500
324503
324506
324508
324511
324525
324528
324530
324533
324536
324540
324542
324546
324548
324551
324555
324558
324559
324561
324565
324568
324571
324573
324576
324579
324592
324595
324599
324601
324605
324607
324610
324614
324616
324620
324623
324625
324628
324631
324634
324638
324640
324644
324647
324659
324662
324665
324669
324671
324675
324678
324680
324684
324687
324690
324692
324695
324698
324701
324704
324708
324710
324714
324726
324730
324732
324736
324739
324741
324745
324748
324751
324754
324756
324760
324762
324766
324768
324770
324772
324775
324778
324781
324795
324798
324800
324804
324806
324810
324813
324816
324819
324821
324824
324827
324831
324833
324836
324840
324843
324845
324848
324861
324864
324868
324870
324873
324876
324880
324882
324886
324888
324891
324895
324897
324900
324903
324907
324909
324912
324916
324928
324932
324934
324938
324940
324943
324946
324950
324953
324955
324959
324961
324965
324968
324970
324973
324977
324980
324982
324995
324999
325002
325004
325007
325010
325014
325017
325019
325023
325025
325028
325032
325034
325037
325040
325044
325047
325050
325063
325065
325068
325072
325074
325077
325081
325084
325087
325089
325092
325096
325098
325102
325105
325107
325111
325113
325116
325129
325133
325136
325139
325142
325144
325147
325151
325153
325157
325159
325163
325166
325168
325171
325175
325178
325180
325183
