341768
341770
341773
341776
341779
341782
341785
341787
341790
341793
341796
341798
341801
341803
341804
341807
341811
341814
341816
341820
341823
341835
341838
341841
341844
341848
341851
341853
341856
341859
341862
341866
341868
341871
341874
341877
341880
341884
341886
341889
341900
341903
341905
341906
341909
341912
341916
341919
341921
341925
341927
341930
341933
341936
341940
341943
341945
341948
341952
341954
341968
341970
341974
341977
341980
341983
341985
341988
341992
341994
341997
342000
342004
342006
342009
342012
342016
342018
342021
342033
342037
342040
342043
342045
342049
342052
342055
342058
342061
342063
342067
342070
342073
342075
342078
342081
342084
342087
342100
342103
342107
342110
342112
342115
342119
342121
342124
342127
342129
342131
342133
342136
342138
342140
342141
342142
342144
342147
342150
342153
342155
342159
342172
342174
342178
342180
342184
342187
342190
342192
342195
342199
342201
342205
342207
342208
342211
342213
342214
342218
342220
342224
342226
342240
342243
342246
342249
342251
342255
342258
342261
342264
342266
342269
342273
342275
342279
342281
342285
342288
342291
342293
342307
342309
342313
342315
342318
342321
342325
342328
342330
342334
342336
342338
342339
342340
342341
342342
342345
342349
342352
342355
342357
342361
342364
342377
342379
342382
342385
342389
342392
342395
342397
342401
342404
342406
342409
342412
342415
342419
342422
342424
342428
342430
342444
342447
342449
342452
342456
342459
342462
342464
342468
342470
342473
342477
342480
342482
342485
342488
342492
342495
342498
342510
342513
342517
342520
342522
342525
342529
342531
342534
342538
342540
342543
342546
342550
342553
342555
342558
342561
342565
342578
342581
342584
342587
342589
342593
342595
342599
342601
342604
342608
342610
342613
342617
342619
342620
342621
342622
342625
342628
342631
342645
342648
342651
342653
342656
342659
342663
342666
342668
342671
342674
342677
342681
342683
342687
342689
342693
342696
342698
342711
342715
342717
342721
342723
342727
342729
342733
342736
342738
342741
342745
342747
342751
342754
342757
342759
342762
342766
342779
342782
342784
342787
342790
342794
342796
342800
342803
342805
342808
342811
342815
342818
342821
342823
342826
342830
342832
342845
342848
342851
342855
342858
342861
342863
342867
342868
342870
342871
342872
342873
342874
342877
342879
342881
342882
342885
342887
342891
342894
342896
342910
342911
342914
342917
342919
342922
342926
342929
342931
342934
342937
342941
342944
342946
342950
342953
342956
342958
342962
342964
342977
342980
342983
342987
342989
342993
342996
342998
343002
343004
343007
343011
343014
343017
343020
343022
343026
343027
343030
343032
343045
343049
343051
343055
343058
343061
343064
343067
343069
343072
343076
343078
343081
343084
343087
343090
343094
343096
343100
343112
343116
343119
343121
343125
343128
343131
343133
343136
343139
343143
343145
343147
343149
343151
343153
343156
343160
343163
343165
343169
343181
343185
343188
343191
343194
343197
343200
343203
343205
343208
343210
343211
343213
343216
343217
343220
343221
343223
343227
343229
343232
343236
343239
343251
343254
343257
343258
343262
343265
343268
343270
343273
343277
343279
343282
343286
343288
343291
343292
343293
343294
343295
343296
343299
343300
343304
343316
343320
343322
343326
343328
343331
343334
343337
343340
343343
343347
343349
343351
343352
343353
343354
343357
343359
343362
343366
343368
343382
343384
343388
343390
343394
343396
343400
343403
343406
343408
343411
343412
343414
343415
343416
343417
343418
343421
343423
343427
343430
343432
343436
343449
343452
343455
343458
343461
343463
343467
343469
343472
343475
343478
343482
343485
343488
343490
343494
343497
343500
343503
343516
343519
343522
343524
343528
343530
343534
343537
343539
343543
343546
343549
343551
343555
343557
343560
343564
343566
343570
343582
343586
343589
343591
343595
343597
343601
343603
343606
343610
343613
343616
343619
343622
343624
343627
343630
343634
343636
343649
343653
343655
343659
343661
343665
343668
343671
343674
343677
343680
343682
343686
343688
343692
343695
343697
343700
343703
343717
343719
343722
343726
343728
343731
343735
343737
343740
343744
343747
343750
343751
343754
343757
343760
343762
343765
343769
343772
343784
343788
343790
343793
343797
343799
343802
343805
343809
343811
343815
343817
343821
343823
343826
343829
343832
343836
343838
