321146
321149
321152
321155
321157
321161
321164
321167
321170
321173
321175
321179
321181
321185
321187
321191
321194
321196
321199
321212
321216
321219
321220
321222
321224
321227
321230
321232
321236
321237
321239
321241
321244
321246
321250
321252
321256
321258
321261
321265
321268
321270
321283
321287
321290
321293
321295
321298
321301
321305
321307
321310
321314
321317
321319
321323
321325
321329
321331
321335
321337
321351
321354
321356
321359
321362
321365
321369
321372
321375
321378
321379
321380
321382
321385
321388
321392
321394
321398
321401
321403
321406
321419
321422
321425
321429
321431
321434
321437
321441
321444
321446
321448
321450
321454
321456
321459
321462
321465
321469
321471
321475
321488
321491
321493
321496
321500
321503
321506
321508
321512
321515
321518
321520
321524
321526
321529
321532
321534
321535
321538
321540
321543
321553
321557
321559
321561
321563
321565
321568
321569
321572
321573
321577
321579
321582
321585
321589
321591
321594
321598
321600
321603
321606
321610
321623
321625
321628
321632
321635
321638
321640
321644
321647
321649
321652
321656
321659
321661
321665
321668
321670
321673
321676
321690
321692
321695
321698
321701
321704
321707
321710
321714
321717
321720
321723
321725
321729
321731
321735
321738
321741
321744
321756
321759
321763
321765
321769
321772
321774
321777
321780
321783
321785
321788
321792
321795
321797
321801
321803
321806
321810
321822
321825
321829
321832
321835
321837
321841
321844
321847
321850
321852
321856
321858
321862
321865
321867
321871
321874
321877
321889
321892
321896
321899
321902
321905
321907
321911
321914
321917
321919
321922
321926
321927
321929
321931
321933
321936
321940
321943
321946
321959
321962
321964
321968
321970
321974
321977
321980
321983
321986
321989
321991
321994
321997
322001
322003
322007
322010
322013
322026
322028
322032
322035
322037
322040
322044
322047
322049
322052
322056
322058
322059
322061
322064
322066
322070
322072
322075
322078
322082
322094
322098
322101
322104
322106
322109
322113
322115
322119
322121
322124
322127
322130
322133
322136
322139
322143
322145
322149
322162
322165
322168
322171
322173
322176
322179
322183
322185
322189
322192
322195
322197
322200
322204
322206
322209
322213
322216
322229
322232
322235
322237
322241
322244
322247
322250
322253
322256
322258
322261
322264
322267
322271
322273
322277
322279
322282
322295
322299
322302
322304
322307
322310
322314
322317
322320
322323
322326
322328
322332
322334
322338
322340
322343
322347
322349
322361
322364
322368
322369
322370
322372
322374
322375
322378
322379
322381
322384
322387
322390
322393
322397
322398
322400
322401
322404
322407
322410
322411
322412
322413
322414
322417
322420
322432
322436
322439
322441
322445
322448
322450
322453
322456
322460
322463
322465
322467
322469
322471
322474
322476
322479
322482
322486
322489
322502
322505
322507
322511
322513
322517
322519
322523
322525
322528
322532
322534
322538
322540
322544
322546
322550
322553
322555
322569
322571
322575
322577
322580
322584
322586
322590
322593
322596
322599
322602
322604
322607
322610
322614
322617
322619
322623
322635
322639
322642
322644
322648
322650
322654
322656
322660
322662
322665
322669
322671
322674
322677
322680
322684
322687
322689
322702
322705
322708
322711
322715
322717
322721
322724
322725
322727
322728
322731
322732
322733
322735
322737
322739
322742
322743
322746
322750
322753
322756
322758
322761
322774
322777
322780
322783
322786
322789
322792
322796
322799
322801
322804
322807
322810
322814
322817
322820
322823
322825
322829
322841
322845
322847
322850
322854
322856
322859
322862
322866
322869
322871
322874
322877
322881
322883
322886
322889
322892
322896
322909
322912
322914
322918
322921
322924
322926
322930
322932
322936
322938
322941
322945
322947
322950
322954
322956
322960
322962
322976
322979
322982
322984
322988
322990
322994
322996
322999
323002
323005
323008
323011
323015
323017
323020
323024
323026
323029
323042
323045
323048
323051
323054
323058
323060
323063
323066
323069
323072
323075
323078
323082
323084
323088
323090
323093
323096
