76322
76325
76327
76330
76333
76337
76340
76343
76346
76348
76351
76354
76358
76361
76363
76366
76369
76372
76385
76389
76391
76394
76398
76401
76404
76407
76409
76412
76416
76417
76419
76420
76422
76425
76428
76430
76433
76436
76439
76442
76445
76457
76461
76464
76465
76469
76472
76474
76477
76481
76484
76487
76489
76491
76493
76494
76495
76497
76499
76502
76506
76509
76511
76515
76527
76530
76534
76537
76539
76542
76545
76548
76552
76555
76557
76558
76559
76561
76563
76564
76566
76567
76569
76570
76572
76575
76578
76582
76584
76587
76601
76603
76606
76609
76612
76616
76618
76621
76624
76628
76631
76634
76637
76638
76640
76641
76642
76643
76644
76645
76648
76649
76652
76655
76659
76671
76675
76678
76680
76683
76687
76689
76693
76696
76698
76702
76704
76705
76707
76708
76710
76713
76716
76719
76722
76726
76728
76741
76744
76747
76751
76754
76757
76759
76762
76765
76769
76772
76774
76777
76778
76781
76784
76787
76790
76793
76796
76810
76813
76815
76818
76821
76828
76831
76832
76835
76837
76838
76840
76843
76845
76847
76849
76852
76855
76858
76861
76874
76876
76878
76880
76881
76883
76885
76888
76890
76893
76897
76899
76902
76906
76909
76911
76915
76917
76921
76923
76926
76930
76933
76946
76949
76952
76955
76958
76960
76963
76967
76968
76969
76970
76972
76974
76978
76979
76981
76984
76988
76991
76993
76997
77000
77013
77015
77018
77021
77024
77027
77028
77031
77035
77038
77041
77043
77047
77050
77052
77055
77059
77061
77064
77068
77081
77084
77087
77090
77092
77095
77098
77101
77104
77107
77110
77114
77116
77120
77123
77126
77129
77132
77135
77147
77150
77154
77157
77159
77161
77163
77165
77169
77171
77174
77177
77180
77184
77186
77190
77193
77196
77199
77201
77205
77217
77221
77224
77226
77229
77232
77235
77239
77241
77243
77244
77248
77250
77253
77256
77259
77262
77265
77269
77272
77284
77287
77290
77293
77297
77300
77303
77305
77309
77312
77315
77316
77318
77322
77325
77327
77330
77333
77336
77340
77352
77355
77358
77362
77364
77368
77370
77374
77376
77380
77383
77385
77386
77388
77390
77391
77394
77396
77400
77403
77406
77408
77421
77424
77428
77430
77434
77436
77439
77443
77446
77448
77452
77453
77454
77457
77459
77463
77466
77468
77471
77474
77478
77491
77493
77497
77500
77503
77506
77509
77512
77515
77517
77519
77520
77522
77524
77526
77528
77529
77532
77536
77539
77541
77544
77546
77560
77563
77565
77568
77572
77574
77578
77580
77582
77585
77587
77588
77590
77594
77597
77600
77602
77606
77608
77611
77615
77617
77631
77634
77637
77640
77642
77645
77649
77651
77655
77658
77660
77662
77663
77666
77669
77674
77676
77679
77682
77686
77699
77701
77705
77708
77711
77714
77716
77719
77723
77725
77729
77731
77735
77738
77739
77741
77744
77746
77748
77751
77755
77767
77771
77773
77777
77780
77783
77786
77788
77792
77794
77798
77801
77804
77807
77810
77813
77815
77818
77822
77834
77837
77841
77843
77847
77849
77852
77855
77858
77860
77863
77865
77869
77872
77874
77878
77880
77884
77887
77889
77903
77905
77909
77912
77914
77918
77920
77923
77926
77928
77931
77932
77934
77937
77938
77941
77942
77945
77948
77950
77952
77954
77958
77961
77973
77977
77979
77983
77985
77988
77991
77995
77997
78001
78003
78004
78006
78009
78012
78016
78019
78021
78024
78027
78041
78043
78046
78050
78052
78056
78058
78061
78065
78067
78069
78070
78073
78074
78075
78077
78080
78084
78087
78090
78092
78096
78099
78112
78115
78117
78119
78122
78124
78127
78129
78132
78136
78138
78142
78145
78147
78150
78153
78156
78159
78163
78165
78178
78182
78184
78188
78190
78193
78197
78200
78202
78206
78209
78211
78213
78215
78219
78220
78222
78223
78226
78227
78231
78234
78236
78250
78252
78256
78259
78262
78265
78267
78270
78274
78278
78279
78282
78285
78288
78290
78293
78295
78298
78301
78304
78318
78321
78324
78326
78329
78333
78336
78338
78342
78345
78347
78350
78354
78357
78358
78361
78364
78366
78370
78372
