325197
325200
325202
325206
325209
325212
325214
325218
325221
325223
325227
325230
325233
325235
325239
325242
325244
325248
325250
325264
325266
325270
325273
325276
325279
325282
325285
325288
325290
325294
325297
325299
325302
325306
325309
325311
325315
325318
325330
325333
325336
325340
325342
325346
325348
325351
325355
325357
325358
325360
325362
325363
325366
325367
325369
325373
325376
325379
325381
325384
325388
325400
325403
325407
325409
325413
325416
325418
325422
325424
325428
325429
325433
325435
325439
325441
325444
325448
325451
325454
325466
325469
325472
325475
325479
325482
325484
325487
325490
325493
325497
325499
325502
325505
325508
325512
325515
325518
325521
325534
325537
325540
325543
325546
325549
325551
325554
325557
325560
325563
325566
325570
325573
325575
325579
325582
325584
325588
325601
325603
325607
325610
325612
325616
325618
325622
325624
325628
325630
325634
325636
325640
325642
325645
325648
325652
325655
325668
325670
325674
325676
325680
325682
325686
325688
325691
325695
325698
325700
325703
325706
325709
325713
325716
325719
325722
325735
325738
325740
325743
325747
325749
325753
325756
325758
325760
325762
325763
325766
325767
325769
325771
325773
325777
325779
325782
325786
325788
325791
325804
325807
325811
325813
325817
325819
325823
325826
325829
325831
325834
325838
325840
325844
325845
325847
325851
325854
325856
325859
325872
325875
325878
325881
325884
325888
325890
325893
325896
325898
325899
325901
325905
325907
325911
325913
325916
325920
325923
325926
325928
325941
325945
325947
325951
325953
325956
325957
325958
325959
325962
325965
325967
325970
325973
325976
325980
325983
325985
325988
325992
325995
325998
326010
326013
326016
326020
326023
326026
326029
326032
326034
326037
326040
326044
326045
326047
326049
326052
326056
326058
326062
326064
326078
326081
326084
326087
326089
326093
326096
326099
326101
326102
326103
326105
326107
326109
326112
326115
326119
326121
326125
326127
326130
326134
326146
326150
326152
326154
326156
326159
326163
326165
326169
326172
326174
326177
326180
326184
326186
326190
326193
326196
326199
326202
326214
326217
326221
326224
326227
326229
326233
326235
326238
326242
326244
326248
326249
326251
326253
326255
326256
326259
326263
326266
326268
326271
326285
326288
326290
326294
326297
326299
326302
326305
326309
326312
326315
326318
326320
326323
326327
326330
326332
326335
326338
326352
326355
326357
326361
326363
326367
326369
326372
326375
326378
326382
326384
326387
326390
326394
326396
326399
326403
326406
326419
326421
326425
326427
326430
326434
326436
326439
326443
326446
326449
326452
326455
326458
326460
326463
326466
326470
326473
326485
326489
326491
326495
326497
326501
326504
326506
326510
326511
326512
326515
326516
326518
326522
326525
326528
326530
326533
326537
326540
326553
326555
326558
326562
326564
326567
326571
326574
326576
326580
326582
326586
326589
326592
326594
326597
326600
326603
326606
326619
326622
326625
326628
326631
326635
326637
326641
326643
326646
326648
326650
326651
326652
326653
326655
326658
326661
326664
326666
326670
326673
326676
326688
326692
326695
326698
326701
326704
326706
326709
326711
326714
326715
326717
326720
326724
326726
326728
326731
326734
326737
326739
326742
326746
326758
326761
326764
326767
326768
326771
326773
326775
326778
326782
326784
326788
326791
326794
326796
326800
326803
326805
326809
326812
326815
326828
326830
326831
326833
326835
326837
326841
326843
326847
326850
326851
326853
326854
326856
326859
326862
326863
326867
326869
326870
326873
326875
326878
326881
326883
326886
326899
326901
326903
326905
326908
326911
326913
326917
326920
326922
326925
326928
326932
326934
326936
326939
326943
326945
326949
326952
326955
326968
326970
326974
326977
326980
326983
326985
326989
326992
326994
326997
327000
327002
327003
327005
327007
327008
327010
327011
327014
327016
327019
327023
327026
327039
327041
327045
327047
327051
327053
327056
327059
327063
327065
327068
327071
327075
327077
327081
327083
327087
327089
327092
327105
327109
327111
327115
327117
327120
327123
327127
327129
327130
327132
327133
327135
327136
327138
327139
327141
327142
327145
327149
327151
327155
327158
327161
327163
327176
327179
327183
327186
327188
327191
327195
327198
327201
327203
327207
327209
327211
327214
327216
327219
327222
327226
327229
327231
