70216
70219
70221
70224
70227
70229
70233
70235
70238
70242
70245
70248
70250
70251
70253
70256
70259
70263
70266
70268
70271
70285
70288
70290
70293
70297
70299
70303
70306
70308
70311
70314
70317
70321
70323
70327
70329
70331
70332
70335
70338
70340
70353
70356
70360
70362
70366
70369
70371
70374
70377
70380
70384
70386
70390
70391
70394
70397
70401
70403
70407
70409
70423
70426
70428
70431
70435
70437
70441
70444
70447
70448
70450
70451
70452
70454
70456
70460
70461
70463
70464
70466
70469
70471
70475
70478
70480
70493
70496
70502
70504
70508
70509
70512
70516
70519
70520
70523
70525
70527
70529
70532
70536
70538
70542
70545
70547
70561
70563
70567
70569
70572
70575
70578
70582
70585
70588
70590
70591
70594
70596
70599
70603
70605
70609
70611
70615
70617
70631
70633
70637
70640
70643
70644
70646
70649
70652
70656
70657
70658
70661
70663
70667
70668
70669
70671
70674
70678
70680
70683
70687
70690
70702
70704
70706
70707
70711
70714
70716
70719
70720
70721
70723
70725
70728
70729
70730
70731
70734
70737
70741
70744
70747
70750
70753
70755
70758
70772
70774
70778
70780
70784
70787
70790
70793
70794
70797
70799
70802
70804
70806
70807
70809
70810
70813
70814
70817
70819
70822
70826
70828
70832
70844
70847
70848
70851
70854
70855
70858
70860
70862
70865
70867
70869
70870
70872
70876
70879
70881
70885
70888
70891
70894
70897
70899
70902
70915
70918
70921
70924
70928
70930
70934
70936
70940
70942
70946
70948
70950
70952
70955
70957
70960
70963
70965
70967
70969
70970
70972
70985
70988
70990
70993
70995
70998
70999
71003
71004
71006
71008
71010
71014
71015
71018
71020
71024
71026
71027
71031
71034
71036
71039
71042
71056
71058
71061
71065
71066
71068
71072
71075
71077
71081
71083
71086
71089
71093
71096
71098
71102
71105
71107
71111
71124
71127
71129
71132
71136
71138
71141
71145
71148
71151
71153
71156
71160
71162
71165
71169
71172
71174
71177
71191
71194
71197
71200
71203
71206
71208
71212
71214
71218
71221
71224
71227
71229
71232
71235
71238
71242
71244
71257
71260
71263
71266
71269
71272
71275
71278
71281
71284
71287
71291
71293
71296
71300
71302
71305
71308
71311
71324
71328
71330
71334
71337
71340
71342
71345
71349
71352
71355
71358
71359
71361
71364
71367
71371
71374
71377
71379
71392
71395
71399
71402
71404
71407
71411
71413
71417
71420
71422
71426
71429
71431
71434
71437
71440
71443
71458
71461
71464
71468
71471
71473
71476
71480
71482
71486
71489
71493
71494
71496
71499
71502
71505
71509
71511
71524
71527
71530
71534
71537
71540
71542
71545
71549
71551
71554
71557
71559
71560
71562
71565
71567
71569
71572
71574
71578
71581
71583
71596
71600
71602
71606
71608
71612
71617
71620
71623
71625
71628
71632
71634
71635
71638
71640
71643
71645
71647
71651
71653
71667
71669
71675
71677
71680
71683
71687
71690
71692
71695
71699
71700
71703
71706
71708
71712
71714
71717
71720
71733
71736
71739
71742
71745
71749
71752
71755
71757
71761
71764
71767
71769
71772
71775
71778
71781
71784
71787
71800
71804
71807
71810
71813
71815
71818
71822
71825
71828
71831
71834
71837
71839
71842
71846
71848
71852
71854
71868
71870
71874
71876
71879
71883
71885
71888
71891
71894
71898
71900
71904
71906
71909
71913
71915
71919
71922
71934
71938
71941
71943
71947
71950
71952
71956
71959
71961
71965
71968
71970
71974
71977
71979
71983
71986
71988
72002
72004
72007
72010
72013
72016
72020
72022
72024
72028
72031
72036
72039
72041
72044
72047
72051
72053
72066
72069
72073
72075
72078
72082
72085
72087
72093
72096
72098
72101
72104
72108
72110
72114
72116
72120
72132
72135
72138
72141
72144
72147
72151
72154
72156
72160
72163
72166
72169
72171
72174
72177
72180
72184
72186
72200
72203
72205
72209
72212
72215
72217
72220
72223
72227
72229
72232
72236
72238
72242
72245
72247
72250
72253
72267
72269
72272
72276
72279
72282
72284
72287
72290
72293
72296
72299
72302
72306
72308
72311
72315
72318
72321
