339732
339734
339735
339738
339741
339744
339748
339751
339754
339756
339759
339762
339765
339768
339770
339773
339777
339779
339783
339785
339799
339801
339804
339807
339810
339812
339815
339819
339821
339825
339828
339830
339832
339834
339836
339837
339840
339842
339846
339848
339851
339855
339868
339870
339871
339872
339873
339875
339876
339879
339882
339886
339889
339892
339895
339898
339900
339904
339906
339910
339913
339915
339918
339921
339935
339936
339939
339942
339944
339947
339951
339954
339955
339957
339958
339960
339961
339964
339966
339969
339973
339975
339979
339982
339985
339988
339991
339994
340006
340008
340012
340015
340017
340021
340023
340026
340030
340032
340036
340038
340041
340045
340047
340051
340053
340056
340059
340073
340075
340078
340082
340084
340088
340090
340094
340096
340099
340102
340106
340108
340112
340114
340117
340120
340123
340126
340139
340142
340145
340148
340150
340151
340152
340155
340156
340157
340159
340161
340162
340166
340168
340171
340173
340175
340176
340180
340183
340186
340189
340191
340195
340197
340211
340213
340216
340219
340223
340225
340228
340232
340234
340237
340240
340243
340246
340249
340253
340256
340258
340261
340265
340278
340280
340284
340285
340286
340287
340288
340289
340291
340293
340296
340300
340303
340305
340307
340308
340310
340312
340313
340317
340320
340322
340326
340329
340332
340335
340347
340351
340354
340357
340360
340362
340366
340369
340371
340375
340377
340378
340379
340380
340381
340384
340388
340391
340393
340397
340399
340412
340415
340418
340422
340424
340428
340430
340434
340437
340438
340440
340442
340443
340446
340449
340452
340454
340458
340460
340464
340466
340470
340483
340486
340488
340492
340494
340498
340501
340504
340507
340510
340513
340515
340516
340517
340519
340520
340522
340523
340524
340528
340529
340532
340534
340538
340540
340553
340556
340559
340562
340565
340568
340571
340575
340577
340581
340584
340586
340590
340593
340596
340599
340602
340604
340607
340620
340623
340627
340630
340633
340636
340638
340640
340641
340643
340644
340647
340649
340652
340655
340657
340660
340663
340667
340670
340672
340675
340689
340692
340694
340698
340701
340704
340706
340710
340713
340716
340719
340722
340724
340726
340728
340729
340732
340736
340739
340741
340744
340757
340759
340760
340761
340763
340766
340769
340771
340774
340778
340780
340784
340787
340790
340792
340796
340798
340802
340804
340808
340810
340823
340826
340829
340832
340836
340838
340841
340845
340848
340850
340854
340855
340856
340858
340861
340865
340868
340870
340874
340877
340890
340892
340895
340898
340902
340905
340907
340911
340913
340916
340919
340923
340924
340927
340929
340933
340936
340938
340942
340944
340957
340960
340963
340964
340965
340966
340968
340972
340974
340977
340980
340983
340986
340988
340990
340993
340994
340997
341000
341003
341006
341010
341012
341016
341029
341032
341034
341037
341041
341043
341047
341048
341050
341051
341052
341053
341055
341057
341060
341062
341065
341069
341071
341074
341075
341079
341082
341084
341088
341100
341103
341107
341110
341113
341116
341118
341121
341125
341127
341131
341133
341135
341138
341140
341144
341147
341149
341152
341165
341168
341170
341171
341174
341176
341180
341182
341186
341189
341191
341195
341197
341200
341204
341206
341209
341213
341216
341218
341232
341234
341237
341240
341243
341247
341249
341253
341255
341259
341261
341264
341268
341270
341274
341276
341279
341282
341286
341298
341302
341304
341308
341310
341313
341316
341319
341322
341326
341329
341331
341334
341338
341340
341344
341346
341350
341353
341365
341368
341371
341375
341377
341381
341384
341386
341389
341392
341395
341398
341399
341403
341405
341406
341407
341408
341409
341410
341411
341413
341415
341417
341421
341433
341437
341439
341442
341446
341449
341451
341454
341458
341461
341464
341466
341467
341469
341472
341474
341478
341480
341484
341487
341500
341502
341506
341508
341511
341514
341518
341521
341524
341527
341530
341532
341536
341539
341541
341545
341547
341551
341554
341567
341569
341573
341575
341578
341581
341584
341588
341590
341593
341596
341599
341603
341606
341608
341612
341615
341617
341621
341634
341636
341639
341643
341645
341648
341652
341654
341657
341660
341663
341667
341669
341673
341676
341678
341681
341684
341688
341701
341704
341706
341709
341712
341715
341719
341721
341725
341727
341730
341733
341737
341740
341742
341745
341749
341752
341755
