331385
331389
331391
331395
331397
331401
331403
331407
331409
331413
331415
331419
331421
331422
331425
331429
331432
331435
331437
331441
331454
331456
331460
331462
331466
331469
331472
331475
331477
331480
331484
331486
331490
331492
331495
331499
331501
331504
331507
331520
331523
331526
331530
331533
331535
331538
331542
331545
331548
331550
331553
331557
331559
331563
331565
331569
331571
331574
331587
331591
331594
331596
331599
331602
331606
331609
331612
331614
331618
331621
331623
331627
331630
331632
331635
331639
331641
331654
331658
331660
331664
331666
331670
331672
331676
331679
331682
331685
331688
331691
331693
331697
331699
331703
331706
331709
331722
331724
331727
331731
331733
331734
331737
331739
331741
331742
331746
331748
331751
331754
331757
331761
331764
331766
331770
331772
331776
331779
331792
331794
331797
331801
331804
331806
331808
331810
331812
331814
331817
331821
331824
331826
331830
331833
331836
331838
331842
331844
331848
331861
331863
331867
331870
331873
331875
331877
331879
331880
331882
331884
331885
331888
331889
331893
331895
331899
331902
331905
331908
331911
331913
331917
331919
331932
331936
331939
331941
331944
331948
331950
331953
331956
331959
331963
331965
331968
331971
331975
331977
331981
331984
331986
332000
332002
332005
332009
332012
332015
332018
332020
332023
332027
332029
332033
332036
332038
332042
332045
332048
332051
332054
332067
332070
332072
332075
332077
332078
332079
332080
332083
332084
332087
332090
332093
332097
332099
332103
332106
332108
332111
332114
332118
332121
332124
332136
332139
332142
332146
332149
332152
332155
332157
332161
332163
332166
332169
332172
332175
332179
332181
332184
332187
332190
332204
332207
332210
332212
332216
332219
332221
332222
332224
332226
332230
332233
332236
332239
332242
332245
332248
332250
332253
332256
332259
332272
332276
332279
332282
332285
332288
332291
332292
332294
332295
332299
332302
332305
332308
332310
332313
332316
332320
332322
332326
332328
332342
332344
332347
332351
332354
332356
332360
332362
332364
332366
332367
332369
332371
332373
332376
332379
332382
332386
332389
332391
332395
332397
332410
332413
332416
332420
332422
332426
332429
332431
332434
332438
332440
332443
332447
332449
332452
332456
332458
332461
332464
332477
332480
332484
332487
332489
332492
332495
332499
332501
332504
332507
332508
332509
332512
332514
332518
332521
332523
332527
332529
332533
332545
332549
332552
332554
332557
332561
332563
332566
332569
332573
332574
332575
332577
332578
332580
332582
332584
332587
332591
332594
332596
332599
332600
332611
332614
332616
332619
332623
332625
332628
332632
332634
332637
332641
332643
332647
332650
332653
332655
332658
332661
332664
332676
332677
332678
332679
332680
332681
332682
332683
332685
332687
332689
332692
332696
332699
332701
332703
332705
332707
332709
332711
332714
332716
332719
332723
332725
332729
332731
332741
332743
332745
332748
332751
332755
332757
332760
332764
332767
332770
332772
332776
332778
332781
332785
332787
332789
332790
332791
332792
332794
332796
332797
332800
332813
332817
332819
332823
332825
332826
332827
332828
332829
332831
332834
332837
332839
332840
332843
332844
332847
332850
332853
332857
332859
332863
332865
332869
332881
332885
332888
332890
332893
332896
332898
332901
332903
332906
332910
332913
332916
332919
332920
332922
332925
332926
332929
332933
332935
332939
332952
332954
332958
332960
332964
332966
332970
332972
332974
332976
332980
332983
332985
332988
332989
332990
332994
332997
332999
333003
333005
333009
333022
333025
333027
333031
333034
333036
333039
333043
333046
333049
333051
333054
333057
333060
333063
333066
333070
333073
333075
333089
333091
333094
333098
333101
333103
333105
333107
333110
333112
333113
333114
333117
333121
333123
333127
333129
333133
333135
333139
333142
333144
333157
333161
333163
333166
333169
333173
333175
333178
333182
333185
333188
333191
333193
333196
333200
333202
333206
333208
333211
333224
333228
333230
333233
333236
333240
333242
333244
333246
333247
333249
333251
333252
333254
333257
333260
333264
333267
333269
333272
333276
333279
333281
333294
333297
333300
333303
333307
333310
333312
333315
333319
333321
333324
333328
333330
333333
333337
333339
333342
333346
333348
333361
333365
333367
333371
333374
333376
333379
333382
333385
333388
333391
333394
333397
333400
333403
333407
333410
333413
333416
333429
333431
333435
333438
333441
333444
333447
333449
333453
333456
333459
333461
333462
333463
333465
333466
333468
333470
333473
333477
333480
333483
333486
