331375
331376
331377
331378
331379
331380
331381
331382
331383
331384
331385
331386
331387
331388
331389
331390
331391
331392
331393
331394
331395
331396
331397
331398
331399
331400
331401
331402
331403
331404
331405
331406
331407
331408
331409
331410
331411
331412
331413
331414
331415
331416
331417
331418
331419
331420
331421
331422
331423
331424
331425
331426
331427
331428
331429
331430
331431
331432
331433
331434
331435
331436
331437
331438
331439
331440
331441
331442
331443
331444
331445
331446
331447
331448
331449
331450
331451
331452
331453
331454
331455
331456
331457
331458
331459
331460
331461
331462
331463
331464
331465
331466
331467
331468
331469
331470
331471
331472
331473
331474
331475
331476
331477
331478
331479
331480
331481
331482
331483
331484
331485
331486
331487
331488
331489
331490
331491
331492
331493
331494
331495
331496
331497
331498
331499
331500
331501
331502
331503
331504
331505
331506
331507
331508
331509
331510
331511
331512
331513
331514
331515
331516
331517
331518
331519
331520
331521
331522
331523
331524
331525
331526
331527
331528
331529
331530
331531
331532
331533
331534
331535
331536
331537
331538
331539
331540
331541
331542
331543
331544
331545
331546
331547
331548
331549
331550
331551
331552
331553
331554
331555
331556
331557
331558
331559
331560
331561
331562
331563
331564
331565
331566
331567
331568
331569
331570
331571
331572
331573
331574
331575
331576
331577
331578
331579
331580
331581
331582
331583
331584
331585
331586
331587
331588
331589
331590
331591
331592
331593
331594
331595
331596
331597
331598
331599
331600
331601
331602
331603
331604
331605
331606
331607
331608
331609
331610
331611
331612
331613
331614
331615
331616
331617
331618
331619
331620
331621
331622
331623
331624
331625
331626
331627
331628
331629
331630
331631
331632
331633
331634
331635
331636
331637
331638
331639
331640
331641
331642
331643
331644
331645
331646
331647
331648
331649
331650
331651
331652
331653
331654
331655
331656
331657
331658
331659
331660
331661
331662
331663
331664
331665
331666
331667
331668
331669
331670
331671
331672
331673
331674
331675
331676
331677
331678
331679
331680
331681
331682
331683
331684
331685
331686
331687
331688
331689
331690
331691
331692
331693
331694
331695
331696
331697
331698
331699
331700
331701
331702
331703
331704
331705
331706
331707
331708
331709
331710
331711
331712
331713
331714
331715
331716
331717
331718
331719
331720
331721
331722
331723
331724
331725
331726
331727
331728
331729
331730
331731
331732
331733
331734
331735
331736
331737
331738
331739
331740
331741
331742
331743
331744
331745
331746
331747
331748
331749
331750
331751
331752
331753
331754
331755
331756
331757
331758
331759
331760
331761
331762
331763
331764
331765
331766
331767
331768
331769
331770
331771
331772
331773
331774
331775
331776
331777
331778
331779
331780
331781
331782
331783
331784
331785
331786
331787
331788
331789
331790
331791
331792
331793
331794
331795
331796
331797
331798
331799
331800
331801
331802
331803
331804
331805
331806
331807
331808
331809
331810
331811
331812
331813
331814
331815
331816
331817
331818
331819
331820
331821
331822
331823
331824
331825
331826
331827
331828
331829
331830
331831
331832
331833
331834
331835
331836
331837
331838
331839
331840
331841
331842
331843
331844
331845
331846
331847
331848
331849
331850
331851
331852
331853
331854
331855
331856
331857
331858
331859
331860
331861
331862
331863
331864
331865
331866
331867
331868
331869
331870
331871
331872
331873
331874
331875
331876
331877
331878
331879
331880
331881
331882
331883
331884
331885
331886
331887
331888
331889
331890
331891
331892
331893
331894
331895
331896
331897
331898
331899
331900
331901
331902
331903
331904
331905
331906
331907
331908
331909
331910
331911
331912
331913
331914
331915
331916
331917
331918
331919
331920
331921
331922
331923
331924
331925
331926
331927
331928
331929
331930
331931
331932
331933
331934
331935
331936
331937
331938
331939
331940
331941
331942
331943
331944
331945
331946
331947
331948
331949
331950
331951
331952
331953
331954
331955
331956
331957
331958
331959
331960
331961
331962
331963
331964
331965
331966
331967
331968
331969
331970
331971
331972
331973
331974
331975
331976
331977
331978
331979
331980
331981
331982
331983
331984
331985
331986
331987
331988
331989
331990
331991
331992
331993
331994
331995
331996
331997
331998
331999
332000
332001
332002
332003
332004
332005
332006
332007
332008
332009
332010
332011
332012
332013
332014
332015
332016
332017
332018
332019
332020
332021
332022
332023
332024
332025
332026
332027
332028
332029
332030
332031
332032
332033
332034
332035
332036
332037
332038
332039
332040
332041
332042
332043
332044
332045
332046
332047
332048
332049
332050
332051
332052
332053
332054
332055
332056
332057
332058
332059
332060
332061
332062
332063
332064
332065
332066
332067
332068
332069
332070
332071
332072
332073
332074
332075
332076
332077
332078
332079
332080
332081
332082
332083
332084
332085
332086
332087
332088
332089
332090
332091
332092
332093
332094
332095
332096
332097
332098
332099
332100
332101
332102
332103
332104
332105
332106
332107
332108
332109
332110
332111
332112
332113
332114
332115
332116
332117
332118
332119
332120
332121
332122
332123
332124
332125
332126
332127
332128
332129
332130
332131
332132
332133
332134
332135
332136
332137
332138
332139
332140
332141
332142
332143
332144
332145
332146
332147
332148
332149
332150
332151
332152
332153
332154
332155
332156
332157
332158
332159
332160
332161
332162
332163
332164
332165
332166
332167
332168
332169
332170
332171
332172
332173
332174
332175
332176
332177
332178
332179
332180
332181
332182
332183
332184
332185
332186
332187
332188
332189
332190
332191
332192
332193
332194
332195
332196
332197
332198
332199
332200
332201
332202
332203
332204
332205
332206
332207
332208
332209
332210
332211
332212
332213
332214
332215
332216
332217
332218
332219
332220
332221
332222
332223
332224
332225
332226
332227
332228
332229
332230
332231
332232
332233
332234
332235
332236
332237
332238
332239
332240
332241
332242
332243
332244
332245
332246
332247
332248
332249
332250
332251
332252
332253
332254
332255
332256
332257
332258
332259
332260
332261
332262
332263
332264
332265
332266
332267
332268
332269
332270
332271
332272
332273
332274
332275
332276
332277
332278
332279
332280
332281
332282
332283
332284
332285
332286
332287
332288
332289
332290
332291
332292
332293
332294
332295
332296
332297
332298
332299
332300
332301
332302
332303
332304
332305
332306
332307
332308
332309
332310
332311
332312
332313
332314
332315
332316
332317
332318
332319
332320
332321
332322
332323
332324
332325
332326
332327
332328
332329
332330
332331
332332
332333
332334
332335
332336
332337
332338
332339
332340
332341
332342
332343
332344
332345
332346
332347
332348
332349
332350
332351
332352
332353
332354
332355
332356
332357
332358
332359
332360
332361
332362
332363
332364
332365
332366
332367
332368
332369
332370
332371
332372
332373
332374
332375
332376
332377
332378
332379
332380
332381
332382
332383
332384
332385
332386
332387
332388
332389
332390
332391
332392
332393
332394
332395
332396
332397
332398
332399
332400
332401
332402
332403
332404
332405
332406
332407
332408
332409
332410
332411
332412
332413
332414
332415
332416
332417
332418
332419
332420
332421
332422
332423
332424
332425
332426
332427
332428
332429
332430
332431
332432
332433
332434
332435
332436
332437
332438
332439
332440
332441
332442
332443
332444
332445
332446
332447
332448
332449
332450
332451
332452
332453
332454
332455
332456
332457
332458
332459
332460
332461
332462
332463
332464
332465
332466
332467
332468
332469
332470
332471
332472
332473
332474
332475
332476
332477
332478
332479
332480
332481
332482
332483
332484
332485
332486
332487
332488
332489
332490
332491
332492
332493
332494
332495
332496
332497
332498
332499
332500
332501
332502
332503
332504
332505
332506
332507
332508
332509
332510
332511
332512
332513
332514
332515
332516
332517
332518
332519
332520
332521
332522
332523
332524
332525
332526
332527
332528
332529
332530
332531
332532
332533
332534
332535
332536
332537
332538
332539
332540
332541
332542
332543
332544
332545
332546
332547
332548
332549
332550
332551
332552
332553
332554
332555
332556
332557
332558
332559
332560
332561
332562
332563
332564
332565
332566
332567
332568
332569
332570
332571
332572
332573
332574
332575
332576
332577
332578
332579
332580
332581
332582
332583
332584
332585
332586
332587
332588
332589
332590
332591
332592
332593
332594
332595
332596
332597
332598
332599
332600
332601
332602
332603
332604
332605
332606
332607
332608
332609
332610
332611
332612
332613
332614
332615
332616
332617
332618
332619
332620
332621
332622
332623
332624
332625
332626
332627
332628
332629
332630
332631
332632
332633
332634
332635
332636
332637
332638
332639
332640
332641
332642
332643
332644
332645
332646
332647
332648
332649
332650
332651
332652
332653
332654
332655
332656
332657
332658
332659
332660
332661
332662
332663
332664
332665
332666
332667
332668
332669
332670
332671
332672
332673
332674
332675
332676
332677
332678
332679
332680
332681
332682
332683
332684
332685
332686
332687
332688
332689
332690
332691
332692
332693
332694
332695
332696
332697
332698
332699
332700
332701
332702
332703
332704
332705
332706
332707
332708
332709
332710
332711
332712
332713
332714
332715
332716
332717
332718
332719
332720
332721
332722
332723
332724
332725
332726
332727
332728
332729
332730
332731
332732
332733
332734
332735
332736
332737
332738
332739
332740
332741
332742
332743
332744
332745
332746
332747
332748
332749
332750
332751
332752
332753
332754
332755
332756
332757
332758
332759
332760
332761
332762
332763
332764
332765
332766
332767
332768
332769
332770
332771
332772
332773
332774
332775
332776
332777
332778
332779
332780
332781
332782
332783
332784
332785
332786
332787
332788
332789
332790
332791
332792
332793
332794
332795
332796
332797
332798
332799
332800
332801
332802
332803
332804
332805
332806
332807
332808
332809
332810
332811
332812
332813
332814
332815
332816
332817
332818
332819
332820
332821
332822
332823
332824
332825
332826
332827
332828
332829
332830
332831
332832
332833
332834
332835
332836
332837
332838
332839
332840
332841
332842
332843
332844
332845
332846
332847
332848
332849
332850
332851
332852
332853
332854
332855
332856
332857
332858
332859
332860
332861
332862
332863
332864
332865
332866
332867
332868
332869
332870
332871
332872
332873
332874
332875
332876
332877
332878
332879
332880
332881
332882
332883
332884
332885
332886
332887
332888
332889
332890
332891
332892
332893
332894
332895
332896
332897
332898
332899
332900
332901
332902
332903
332904
332905
332906
332907
332908
332909
332910
332911
332912
332913
332914
332915
332916
332917
332918
332919
332920
332921
332922
332923
332924
332925
332926
332927
332928
332929
332930
332931
332932
332933
332934
332935
332936
332937
332938
332939
332940
332941
332942
332943
332944
332945
332946
332947
332948
332949
332950
332951
332952
332953
332954
332955
332956
332957
332958
332959
332960
332961
332962
332963
332964
332965
332966
332967
332968
332969
332970
332971
332972
332973
332974
332975
332976
332977
332978
332979
332980
332981
332982
332983
332984
332985
332986
332987
332988
332989
332990
332991
332992
332993
332994
332995
332996
332997
332998
332999
333000
333001
333002
333003
333004
333005
333006
333007
333008
333009
333010
333011
333012
333013
333014
333015
333016
333017
333018
333019
333020
333021
333022
333023
333024
333025
333026
333027
333028
333029
333030
333031
333032
333033
333034
333035
333036
333037
333038
333039
333040
333041
333042
333043
333044
333045
333046
333047
333048
333049
333050
333051
333052
333053
333054
333055
333056
333057
333058
333059
333060
333061
333062
333063
333064
333065
333066
333067
333068
333069
333070
333071
333072
333073
333074
333075
333076
333077
333078
333079
333080
333081
333082
333083
333084
333085
333086
333087
333088
333089
333090
333091
333092
333093
333094
333095
333096
333097
333098
333099
333100
333101
333102
333103
333104
333105
333106
333107
333108
333109
333110
333111
333112
333113
333114
333115
333116
333117
333118
333119
333120
333121
333122
333123
333124
333125
333126
333127
333128
333129
333130
333131
333132
333133
333134
333135
333136
333137
333138
333139
333140
333141
333142
333143
333144
333145
333146
333147
333148
333149
333150
333151
333152
333153
333154
333155
333156
333157
333158
333159
333160
333161
333162
333163
333164
333165
333166
333167
333168
333169
333170
333171
333172
333173
333174
333175
333176
333177
333178
333179
333180
333181
333182
333183
333184
333185
333186
333187
333188
333189
333190
333191
333192
333193
333194
333195
333196
333197
333198
333199
333200
333201
333202
333203
333204
333205
333206
333207
333208
333209
333210
333211
333212
333213
333214
333215
333216
333217
333218
333219
333220
333221
333222
333223
333224
333225
333226
333227
333228
333229
333230
333231
333232
333233
333234
333235
333236
333237
333238
333239
333240
333241
333242
333243
333244
333245
333246
333247
333248
333249
333250
333251
333252
333253
333254
333255
333256
333257
333258
333259
333260
333261
333262
333263
333264
333265
333266
333267
333268
333269
333270
333271
333272
333273
333274
333275
333276
333277
333278
333279
333280
333281
333282
333283
333284
333285
333286
333287
333288
333289
333290
333291
333292
333293
333294
333295
333296
333297
333298
333299
333300
333301
333302
333303
333304
333305
333306
333307
333308
333309
333310
333311
333312
333313
333314
333315
333316
333317
333318
333319
333320
333321
333322
333323
333324
333325
333326
333327
333328
333329
333330
333331
333332
333333
333334
333335
333336
333337
333338
333339
333340
333341
333342
333343
333344
333345
333346
333347
333348
333349
333350
333351
333352
333353
333354
333355
333356
333357
333358
333359
333360
333361
333362
333363
333364
333365
333366
333367
333368
333369
333370
333371
333372
333373
333374
333375
333376
333377
333378
333379
333380
333381
333382
333383
333384
333385
333386
333387
333388
333389
333390
333391
333392
333393
333394
333395
333396
333397
333398
333399
333400
333401
333402
333403
333404
333405
333406
333407
333408
333409
333410
333411
333412
333413
333414
333415
333416
333417
333418
333419
333420
333421
333422
333423
333424
333425
333426
333427
333428
333429
333430
333431
333432
333433
333434
333435
333436
333437
333438
333439
333440
333441
333442
333443
333444
333445
333446
333447
333448
333449
333450
333451
333452
333453
333454
333455
333456
333457
333458
333459
333460
333461
333462
333463
333464
333465
333466
333467
333468
333469
333470
333471
333472
333473
333474
333475
333476
333477
333478
333479
333480
333481
333482
333483
333484
333485
333486
333487
