319028
319029
319030
319031
319032
319033
319034
319035
319036
319037
319038
319039
319040
319041
319042
319043
319044
319045
319046
319047
319048
319049
319050
319051
319052
319053
319054
319055
319056
319057
319058
319059
319060
319061
319062
319063
319064
319065
319066
319067
319068
319069
319070
319071
319072
319073
319074
319075
319076
319077
319078
319079
319080
319081
319082
319083
319084
319085
319086
319087
319088
319089
319090
319091
319092
319093
319094
319095
319096
319097
319098
319099
319100
319101
319102
319103
319104
319105
319106
319107
319108
319109
319110
319111
319112
319113
319114
319115
319116
319117
319118
319119
319120
319121
319122
319123
319124
319125
319126
319127
319128
319129
319130
319131
319132
319133
319134
319135
319136
319137
319138
319139
319140
319141
319142
319143
319144
319145
319146
319147
319148
319149
319150
319151
319152
319153
319154
319155
319156
319157
319158
319159
319160
319161
319162
319163
319164
319165
319166
319167
319168
319169
319170
319171
319172
319173
319174
319175
319176
319177
319178
319179
319180
319181
319182
319183
319184
319185
319186
319187
319188
319189
319190
319191
319192
319193
319194
319195
319196
319197
319198
319199
319200
319201
319202
319203
319204
319205
319206
319207
319208
319209
319210
319211
319212
319213
319214
319215
319216
319217
319218
319219
319220
319221
319222
319223
319224
319225
319226
319227
319228
319229
319230
319231
319232
319233
319234
319235
319236
319237
319238
319239
319240
319241
319242
319243
319244
319245
319246
319247
319248
319249
319250
319251
319252
319253
319254
319255
319256
319257
319258
319259
319260
319261
319262
319263
319264
319265
319266
319267
319268
319269
319270
319271
319272
319273
319274
319275
319276
319277
319278
319279
319280
319281
319282
319283
319284
319285
319286
319287
319288
319289
319290
319291
319292
319293
319294
319295
319296
319297
319298
319299
319300
319301
319302
319303
319304
319305
319306
319307
319308
319309
319310
319311
319312
319313
319314
319315
319316
319317
319318
319319
319320
319321
319322
319323
319324
319325
319326
319327
319328
319329
319330
319331
319332
319333
319334
319335
319336
319337
319338
319339
319340
319341
319342
319343
319344
319345
319346
319347
319348
319349
319350
319351
319352
319353
319354
319355
319356
319357
319358
319359
319360
319361
319362
319363
319364
319365
319366
319367
319368
319369
319370
319371
319372
319373
319374
319375
319376
319377
319378
319379
319380
319381
319382
319383
319384
319385
319386
319387
319388
319389
319390
319391
319392
319393
319394
319395
319396
319397
319398
319399
319400
319401
319402
319403
319404
319405
319406
319407
319408
319409
319410
319411
319412
319413
319414
319415
319416
319417
319418
319419
319420
319421
319422
319423
319424
319425
319426
319427
319428
319429
319430
319431
319432
319433
319434
319435
319436
319437
319438
319439
319440
319441
319442
319443
319444
319445
319446
319447
319448
319449
319450
319451
319452
319453
319454
319455
319456
319457
319458
319459
319460
319461
319462
319463
319464
319465
319466
319467
319468
319469
319470
319471
319472
319473
319474
319475
319476
319477
319478
319479
319480
319481
319482
319483
319484
319485
319486
319487
319488
319489
319490
319491
319492
319493
319494
319495
319496
319497
319498
319499
319500
319501
319502
319503
319504
319505
319506
319507
319508
319509
319510
319511
319512
319513
319514
319515
319516
319517
319518
319519
319520
319521
319522
319523
319524
319525
319526
319527
319528
319529
319530
319531
319532
319533
319534
319535
319536
319537
319538
319539
319540
319541
319542
319543
319544
319545
319546
319547
319548
319549
319550
319551
319552
319553
319554
319555
319556
319557
319558
319559
319560
319561
319562
319563
319564
319565
319566
319567
319568
319569
319570
319571
319572
319573
319574
319575
319576
319577
319578
319579
319580
319581
319582
319583
319584
319585
319586
319587
319588
319589
319590
319591
319592
319593
319594
319595
319596
319597
319598
319599
319600
319601
319602
319603
319604
319605
319606
319607
319608
319609
319610
319611
319612
319613
319614
319615
319616
319617
319618
319619
319620
319621
319622
319623
319624
319625
319626
319627
319628
319629
319630
319631
319632
319633
319634
319635
319636
319637
319638
319639
319640
319641
319642
319643
319644
319645
319646
319647
319648
319649
319650
319651
319652
319653
319654
319655
319656
319657
319658
319659
319660
319661
319662
319663
319664
319665
319666
319667
319668
319669
319670
319671
319672
319673
319674
319675
319676
319677
319678
319679
319680
319681
319682
319683
319684
319685
319686
319687
319688
319689
319690
319691
319692
319693
319694
319695
319696
319697
319698
319699
319700
319701
319702
319703
319704
319705
319706
319707
319708
319709
319710
319711
319712
319713
319714
319715
319716
319717
319718
319719
319720
319721
319722
319723
319724
319725
319726
319727
319728
319729
319730
319731
319732
319733
319734
319735
319736
319737
319738
319739
319740
319741
319742
319743
319744
319745
319746
319747
319748
319749
319750
319751
319752
319753
319754
319755
319756
319757
319758
319759
319760
319761
319762
319763
319764
319765
319766
319767
319768
319769
319770
319771
319772
319773
319774
319775
319776
319777
319778
319779
319780
319781
319782
319783
319784
319785
319786
319787
319788
319789
319790
319791
319792
319793
319794
319795
319796
319797
319798
319799
319800
319801
319802
319803
319804
319805
319806
319807
319808
319809
319810
319811
319812
319813
319814
319815
319816
319817
319818
319819
319820
319821
319822
319823
319824
319825
319826
319827
319828
319829
319830
319831
319832
319833
319834
319835
319836
319837
319838
319839
319840
319841
319842
319843
319844
319845
319846
319847
319848
319849
319850
319851
319852
319853
319854
319855
319856
319857
319858
319859
319860
319861
319862
319863
319864
319865
319866
319867
319868
319869
319870
319871
319872
319873
319874
319875
319876
319877
319878
319879
319880
319881
319882
319883
319884
319885
319886
319887
319888
319889
319890
319891
319892
319893
319894
319895
319896
319897
319898
319899
319900
319901
319902
319903
319904
319905
319906
319907
319908
319909
319910
319911
319912
319913
319914
319915
319916
319917
319918
319919
319920
319921
319922
319923
319924
319925
319926
319927
319928
319929
319930
319931
319932
319933
319934
319935
319936
319937
319938
319939
319940
319941
319942
319943
319944
319945
319946
319947
319948
319949
319950
319951
319952
319953
319954
319955
319956
319957
319958
319959
319960
319961
319962
319963
319964
319965
319966
319967
319968
319969
319970
319971
319972
319973
319974
319975
319976
319977
319978
319979
319980
319981
319982
319983
319984
319985
319986
319987
319988
319989
319990
319991
319992
319993
319994
319995
319996
319997
319998
319999
320000
320001
320002
320003
320004
320005
320006
320007
320008
320009
320010
320011
320012
320013
320014
320015
320016
320017
320018
320019
320020
320021
320022
320023
320024
320025
320026
320027
320028
320029
320030
320031
320032
320033
320034
320035
320036
320037
320038
320039
320040
320041
320042
320043
320044
320045
320046
320047
320048
320049
320050
320051
320052
320053
320054
320055
320056
320057
320058
320059
320060
320061
320062
320063
320064
320065
320066
320067
320068
320069
320070
320071
320072
320073
320074
320075
320076
320077
320078
320079
320080
320081
320082
320083
320084
320085
320086
320087
320088
320089
320090
320091
320092
320093
320094
320095
320096
320097
320098
320099
320100
320101
320102
320103
320104
320105
320106
320107
320108
320109
320110
320111
320112
320113
320114
320115
320116
320117
320118
320119
320120
320121
320122
320123
320124
320125
320126
320127
320128
320129
320130
320131
320132
320133
320134
320135
320136
320137
320138
320139
320140
320141
320142
320143
320144
320145
320146
320147
320148
320149
320150
320151
320152
320153
320154
320155
320156
320157
320158
320159
320160
320161
320162
320163
320164
320165
320166
320167
320168
320169
320170
320171
320172
320173
320174
320175
320176
320177
320178
320179
320180
320181
320182
320183
320184
320185
320186
320187
320188
320189
320190
320191
320192
320193
320194
320195
320196
320197
320198
320199
320200
320201
320202
320203
320204
320205
320206
320207
320208
320209
320210
320211
320212
320213
320214
320215
320216
320217
320218
320219
320220
320221
320222
320223
320224
320225
320226
320227
320228
320229
320230
320231
320232
320233
320234
320235
320236
320237
320238
320239
320240
320241
320242
320243
320244
320245
320246
320247
320248
320249
320250
320251
320252
320253
320254
320255
320256
320257
320258
320259
320260
320261
320262
320263
320264
320265
320266
320267
320268
320269
320270
320271
320272
320273
320274
320275
320276
320277
320278
320279
320280
320281
320282
320283
320284
320285
320286
320287
320288
320289
320290
320291
320292
320293
320294
320295
320296
320297
320298
320299
320300
320301
320302
320303
320304
320305
320306
320307
320308
320309
320310
320311
320312
320313
320314
320315
320316
320317
320318
320319
320320
320321
320322
320323
320324
320325
320326
320327
320328
320329
320330
320331
320332
320333
320334
320335
320336
320337
320338
320339
320340
320341
320342
320343
320344
320345
320346
320347
320348
320349
320350
320351
320352
320353
320354
320355
320356
320357
320358
320359
320360
320361
320362
320363
320364
320365
320366
320367
320368
320369
320370
320371
320372
320373
320374
320375
320376
320377
320378
320379
320380
320381
320382
320383
320384
320385
320386
320387
320388
320389
320390
320391
320392
320393
320394
320395
320396
320397
320398
320399
320400
320401
320402
320403
320404
320405
320406
320407
320408
320409
320410
320411
320412
320413
320414
320415
320416
320417
320418
320419
320420
320421
320422
320423
320424
320425
320426
320427
320428
320429
320430
320431
320432
320433
320434
320435
320436
320437
320438
320439
320440
320441
320442
320443
320444
320445
320446
320447
320448
320449
320450
320451
320452
320453
320454
320455
320456
320457
320458
320459
320460
320461
320462
320463
320464
320465
320466
320467
320468
320469
320470
320471
320472
320473
320474
320475
320476
320477
320478
320479
320480
320481
320482
320483
320484
320485
320486
320487
320488
320489
320490
320491
320492
320493
320494
320495
320496
320497
320498
320499
320500
320501
320502
320503
320504
320505
320506
320507
320508
320509
320510
320511
320512
320513
320514
320515
320516
320517
320518
320519
320520
320521
320522
320523
320524
320525
320526
320527
320528
320529
320530
320531
320532
320533
320534
320535
320536
320537
320538
320539
320540
320541
320542
320543
320544
320545
320546
320547
320548
320549
320550
320551
320552
320553
320554
320555
320556
320557
320558
320559
320560
320561
320562
320563
320564
320565
320566
320567
320568
320569
320570
320571
320572
320573
320574
320575
320576
320577
320578
320579
320580
320581
320582
320583
320584
320585
320586
320587
320588
320589
320590
320591
320592
320593
320594
320595
320596
320597
320598
320599
320600
320601
320602
320603
320604
320605
320606
320607
320608
320609
320610
320611
320612
320613
320614
320615
320616
320617
320618
320619
320620
320621
320622
320623
320624
320625
320626
320627
320628
320629
320630
320631
320632
320633
320634
320635
320636
320637
320638
320639
320640
320641
320642
320643
320644
320645
320646
320647
320648
320649
320650
320651
320652
320653
320654
320655
320656
320657
320658
320659
320660
320661
320662
320663
320664
320665
320666
320667
320668
320669
320670
320671
320672
320673
320674
320675
320676
320677
320678
320679
320680
320681
320682
320683
320684
320685
320686
320687
320688
320689
320690
320691
320692
320693
320694
320695
320696
320697
320698
320699
320700
320701
320702
320703
320704
320705
320706
320707
320708
320709
320710
320711
320712
320713
320714
320715
320716
320717
320718
320719
320720
320721
320722
320723
320724
320725
320726
320727
320728
320729
320730
320731
320732
320733
320734
320735
320736
320737
320738
320739
320740
320741
320742
320743
320744
320745
320746
320747
320748
320749
320750
320751
320752
320753
320754
320755
320756
320757
320758
320759
320760
320761
320762
320763
320764
320765
320766
320767
320768
320769
320770
320771
320772
320773
320774
320775
320776
320777
320778
320779
320780
320781
320782
320783
320784
320785
320786
320787
320788
320789
320790
320791
320792
320793
320794
320795
320796
320797
320798
320799
320800
320801
320802
320803
320804
320805
320806
320807
320808
320809
320810
320811
320812
320813
320814
320815
320816
320817
320818
320819
320820
320821
320822
320823
320824
320825
320826
320827
320828
320829
320830
320831
320832
320833
320834
320835
320836
320837
320838
320839
320840
320841
320842
320843
320844
320845
320846
320847
320848
320849
320850
320851
320852
320853
320854
320855
320856
320857
320858
320859
320860
320861
320862
320863
320864
320865
320866
320867
320868
320869
320870
320871
320872
320873
320874
320875
320876
320877
320878
320879
320880
320881
320882
320883
320884
320885
320886
320887
320888
320889
320890
320891
320892
320893
320894
320895
320896
320897
320898
320899
320900
320901
320902
320903
320904
320905
320906
320907
320908
320909
320910
320911
320912
320913
320914
320915
320916
320917
320918
320919
320920
320921
320922
320923
320924
320925
320926
320927
320928
320929
320930
320931
320932
320933
320934
320935
320936
320937
320938
320939
320940
320941
320942
320943
320944
320945
320946
320947
320948
320949
320950
320951
320952
320953
320954
320955
320956
320957
320958
320959
320960
320961
320962
320963
320964
320965
320966
320967
320968
320969
320970
320971
320972
320973
320974
320975
320976
320977
320978
320979
320980
320981
320982
320983
320984
320985
320986
320987
320988
320989
320990
320991
320992
320993
320994
320995
320996
320997
320998
320999
321000
321001
321002
321003
321004
321005
321006
321007
321008
321009
321010
321011
321012
321013
321014
321015
321016
321017
321018
321019
321020
321021
321022
321023
321024
321025
321026
321027
321028
321029
321030
321031
321032
321033
321034
321035
321036
321037
321038
321039
321040
321041
321042
321043
321044
321045
321046
321047
321048
321049
321050
321051
321052
321053
321054
321055
321056
321057
321058
321059
321060
321061
321062
321063
321064
321065
321066
321067
321068
321069
321070
321071
321072
321073
321074
321075
321076
321077
321078
321079
321080
321081
321082
321083
321084
321085
321086
321087
321088
321089
321090
321091
321092
321093
321094
321095
321096
321097
321098
321099
321100
321101
321102
321103
321104
321105
321106
321107
321108
321109
321110
321111
321112
321113
321114
321115
321116
321117
321118
321119
321120
321121
321122
321123
321124
321125
321126
321127
321128
321129
321130
321131
321132
321133
321134
