341757
341758
341759
341760
341761
341762
341763
341764
341765
341766
341767
341768
341769
341770
341771
341772
341773
341774
341775
341776
341777
341778
341779
341780
341781
341782
341783
341784
341785
341786
341787
341788
341789
341790
341791
341792
341793
341794
341795
341796
341797
341798
341799
341800
341801
341802
341803
341804
341805
341806
341807
341808
341809
341810
341811
341812
341813
341814
341815
341816
341817
341818
341819
341820
341821
341822
341823
341824
341825
341826
341827
341828
341829
341830
341831
341832
341833
341834
341835
341836
341837
341838
341839
341840
341841
341842
341843
341844
341845
341846
341847
341848
341849
341850
341851
341852
341853
341854
341855
341856
341857
341858
341859
341860
341861
341862
341863
341864
341865
341866
341867
341868
341869
341870
341871
341872
341873
341874
341875
341876
341877
341878
341879
341880
341881
341882
341883
341884
341885
341886
341887
341888
341889
341890
341891
341892
341893
341894
341895
341896
341897
341898
341899
341900
341901
341902
341903
341904
341905
341906
341907
341908
341909
341910
341911
341912
341913
341914
341915
341916
341917
341918
341919
341920
341921
341922
341923
341924
341925
341926
341927
341928
341929
341930
341931
341932
341933
341934
341935
341936
341937
341938
341939
341940
341941
341942
341943
341944
341945
341946
341947
341948
341949
341950
341951
341952
341953
341954
341955
341956
341957
341958
341959
341960
341961
341962
341963
341964
341965
341966
341967
341968
341969
341970
341971
341972
341973
341974
341975
341976
341977
341978
341979
341980
341981
341982
341983
341984
341985
341986
341987
341988
341989
341990
341991
341992
341993
341994
341995
341996
341997
341998
341999
342000
342001
342002
342003
342004
342005
342006
342007
342008
342009
342010
342011
342012
342013
342014
342015
342016
342017
342018
342019
342020
342021
342022
342023
342024
342025
342026
342027
342028
342029
342030
342031
342032
342033
342034
342035
342036
342037
342038
342039
342040
342041
342042
342043
342044
342045
342046
342047
342048
342049
342050
342051
342052
342053
342054
342055
342056
342057
342058
342059
342060
342061
342062
342063
342064
342065
342066
342067
342068
342069
342070
342071
342072
342073
342074
342075
342076
342077
342078
342079
342080
342081
342082
342083
342084
342085
342086
342087
342088
342089
342090
342091
342092
342093
342094
342095
342096
342097
342098
342099
342100
342101
342102
342103
342104
342105
342106
342107
342108
342109
342110
342111
342112
342113
342114
342115
342116
342117
342118
342119
342120
342121
342122
342123
342124
342125
342126
342127
342128
342129
342130
342131
342132
342133
342134
342135
342136
342137
342138
342139
342140
342141
342142
342143
342144
342145
342146
342147
342148
342149
342150
342151
342152
342153
342154
342155
342156
342157
342158
342159
342160
342161
342162
342163
342164
342165
342166
342167
342168
342169
342170
342171
342172
342173
342174
342175
342176
342177
342178
342179
342180
342181
342182
342183
342184
342185
342186
342187
342188
342189
342190
342191
342192
342193
342194
342195
342196
342197
342198
342199
342200
342201
342202
342203
342204
342205
342206
342207
342208
342209
342210
342211
342212
342213
342214
342215
342216
342217
342218
342219
342220
342221
342222
342223
342224
342225
342226
342227
342228
342229
342230
342231
342232
342233
342234
342235
342236
342237
342238
342239
342240
342241
342242
342243
342244
342245
342246
342247
342248
342249
342250
342251
342252
342253
342254
342255
342256
342257
342258
342259
342260
342261
342262
342263
342264
342265
342266
342267
342268
342269
342270
342271
342272
342273
342274
342275
342276
342277
342278
342279
342280
342281
342282
342283
342284
342285
342286
342287
342288
342289
342290
342291
342292
342293
342294
342295
342296
342297
342298
342299
342300
342301
342302
342303
342304
342305
342306
342307
342308
342309
342310
342311
342312
342313
342314
342315
342316
342317
342318
342319
342320
342321
342322
342323
342324
342325
342326
342327
342328
342329
342330
342331
342332
342333
342334
342335
342336
342337
342338
342339
342340
342341
342342
342343
342344
342345
342346
342347
342348
342349
342350
342351
342352
342353
342354
342355
342356
342357
342358
342359
342360
342361
342362
342363
342364
342365
342366
342367
342368
342369
342370
342371
342372
342373
342374
342375
342376
342377
342378
342379
342380
342381
342382
342383
342384
342385
342386
342387
342388
342389
342390
342391
342392
342393
342394
342395
342396
342397
342398
342399
342400
342401
342402
342403
342404
342405
342406
342407
342408
342409
342410
342411
342412
342413
342414
342415
342416
342417
342418
342419
342420
342421
342422
342423
342424
342425
342426
342427
342428
342429
342430
342431
342432
342433
342434
342435
342436
342437
342438
342439
342440
342441
342442
342443
342444
342445
342446
342447
342448
342449
342450
342451
342452
342453
342454
342455
342456
342457
342458
342459
342460
342461
342462
342463
342464
342465
342466
342467
342468
342469
342470
342471
342472
342473
342474
342475
342476
342477
342478
342479
342480
342481
342482
342483
342484
342485
342486
342487
342488
342489
342490
342491
342492
342493
342494
342495
342496
342497
342498
342499
342500
342501
342502
342503
342504
342505
342506
342507
342508
342509
342510
342511
342512
342513
342514
342515
342516
342517
342518
342519
342520
342521
342522
342523
342524
342525
342526
342527
342528
342529
342530
342531
342532
342533
342534
342535
342536
342537
342538
342539
342540
342541
342542
342543
342544
342545
342546
342547
342548
342549
342550
342551
342552
342553
342554
342555
342556
342557
342558
342559
342560
342561
342562
342563
342564
342565
342566
342567
342568
342569
342570
342571
342572
342573
342574
342575
342576
342577
342578
342579
342580
342581
342582
342583
342584
342585
342586
342587
342588
342589
342590
342591
342592
342593
342594
342595
342596
342597
342598
342599
342600
342601
342602
342603
342604
342605
342606
342607
342608
342609
342610
342611
342612
342613
342614
342615
342616
342617
342618
342619
342620
342621
342622
342623
342624
342625
342626
342627
342628
342629
342630
342631
342632
342633
342634
342635
342636
342637
342638
342639
342640
342641
342642
342643
342644
342645
342646
342647
342648
342649
342650
342651
342652
342653
342654
342655
342656
342657
342658
342659
342660
342661
342662
342663
342664
342665
342666
342667
342668
342669
342670
342671
342672
342673
342674
342675
342676
342677
342678
342679
342680
342681
342682
342683
342684
342685
342686
342687
342688
342689
342690
342691
342692
342693
342694
342695
342696
342697
342698
342699
342700
342701
342702
342703
342704
342705
342706
342707
342708
342709
342710
342711
342712
342713
342714
342715
342716
342717
342718
342719
342720
342721
342722
342723
342724
342725
342726
342727
342728
342729
342730
342731
342732
342733
342734
342735
342736
342737
342738
342739
342740
342741
342742
342743
342744
342745
342746
342747
342748
342749
342750
342751
342752
342753
342754
342755
342756
342757
342758
342759
342760
342761
342762
342763
342764
342765
342766
342767
342768
342769
342770
342771
342772
342773
342774
342775
342776
342777
342778
342779
342780
342781
342782
342783
342784
342785
342786
342787
342788
342789
342790
342791
342792
342793
342794
342795
342796
342797
342798
342799
342800
342801
342802
342803
342804
342805
342806
342807
342808
342809
342810
342811
342812
342813
342814
342815
342816
342817
342818
342819
342820
342821
342822
342823
342824
342825
342826
342827
342828
342829
342830
342831
342832
342833
342834
342835
342836
342837
342838
342839
342840
342841
342842
342843
342844
342845
342846
342847
342848
342849
342850
342851
342852
342853
342854
342855
342856
342857
342858
342859
342860
342861
342862
342863
342864
342865
342866
342867
342868
342869
342870
342871
342872
342873
342874
342875
342876
342877
342878
342879
342880
342881
342882
342883
342884
342885
342886
342887
342888
342889
342890
342891
342892
342893
342894
342895
342896
342897
342898
342899
342900
342901
342902
342903
342904
342905
342906
342907
342908
342909
342910
342911
342912
342913
342914
342915
342916
342917
342918
342919
342920
342921
342922
342923
342924
342925
342926
342927
342928
342929
342930
342931
342932
342933
342934
342935
342936
342937
342938
342939
342940
342941
342942
342943
342944
342945
342946
342947
342948
342949
342950
342951
342952
342953
342954
342955
342956
342957
342958
342959
342960
342961
342962
342963
342964
342965
342966
342967
342968
342969
342970
342971
342972
342973
342974
342975
342976
342977
342978
342979
342980
342981
342982
342983
342984
342985
342986
342987
342988
342989
342990
342991
342992
342993
342994
342995
342996
342997
342998
342999
343000
343001
343002
343003
343004
343005
343006
343007
343008
343009
343010
343011
343012
343013
343014
343015
343016
343017
343018
343019
343020
343021
343022
343023
343024
343025
343026
343027
343028
343029
343030
343031
343032
343033
343034
343035
343036
343037
343038
343039
343040
343041
343042
343043
343044
343045
343046
343047
343048
343049
343050
343051
343052
343053
343054
343055
343056
343057
343058
343059
343060
343061
343062
343063
343064
343065
343066
343067
343068
343069
343070
343071
343072
343073
343074
343075
343076
343077
343078
343079
343080
343081
343082
343083
343084
343085
343086
343087
343088
343089
343090
343091
343092
343093
343094
343095
343096
343097
343098
343099
343100
343101
343102
343103
343104
343105
343106
343107
343108
343109
343110
343111
343112
343113
343114
343115
343116
343117
343118
343119
343120
343121
343122
343123
343124
343125
343126
343127
343128
343129
343130
343131
343132
343133
343134
343135
343136
343137
343138
343139
343140
343141
343142
343143
343144
343145
343146
343147
343148
343149
343150
343151
343152
343153
343154
343155
343156
343157
343158
343159
343160
343161
343162
343163
343164
343165
343166
343167
343168
343169
343170
343171
343172
343173
343174
343175
343176
343177
343178
343179
343180
343181
343182
343183
343184
343185
343186
343187
343188
343189
343190
343191
343192
343193
343194
343195
343196
343197
343198
343199
343200
343201
343202
343203
343204
343205
343206
343207
343208
343209
343210
343211
343212
343213
343214
343215
343216
343217
343218
343219
343220
343221
343222
343223
343224
343225
343226
343227
343228
343229
343230
343231
343232
343233
343234
343235
343236
343237
343238
343239
343240
343241
343242
343243
343244
343245
343246
343247
343248
343249
343250
343251
343252
343253
343254
343255
343256
343257
343258
343259
343260
343261
343262
343263
343264
343265
343266
343267
343268
343269
343270
343271
343272
343273
343274
343275
343276
343277
343278
343279
343280
343281
343282
343283
343284
343285
343286
343287
343288
343289
343290
343291
343292
343293
343294
343295
343296
343297
343298
343299
343300
343301
343302
343303
343304
343305
343306
343307
343308
343309
343310
343311
343312
343313
343314
343315
343316
343317
343318
343319
343320
343321
343322
343323
343324
343325
343326
343327
343328
343329
343330
343331
343332
343333
343334
343335
343336
343337
343338
343339
343340
343341
343342
343343
343344
343345
343346
343347
343348
343349
343350
343351
343352
343353
343354
343355
343356
343357
343358
343359
343360
343361
343362
343363
343364
343365
343366
343367
343368
343369
343370
343371
343372
343373
343374
343375
343376
343377
343378
343379
343380
343381
343382
343383
343384
343385
343386
343387
343388
343389
343390
343391
343392
343393
343394
343395
343396
343397
343398
343399
343400
343401
343402
343403
343404
343405
343406
343407
343408
343409
343410
343411
343412
343413
343414
343415
343416
343417
343418
343419
343420
343421
343422
343423
343424
343425
343426
343427
343428
343429
343430
343431
343432
343433
343434
343435
343436
343437
343438
343439
343440
343441
343442
343443
343444
343445
343446
343447
343448
343449
343450
343451
343452
343453
343454
343455
343456
343457
343458
343459
343460
343461
343462
343463
343464
343465
343466
343467
343468
343469
343470
343471
343472
343473
343474
343475
343476
343477
343478
343479
343480
343481
343482
343483
343484
343485
343486
343487
343488
343489
343490
343491
343492
343493
343494
343495
343496
343497
343498
343499
343500
343501
343502
343503
343504
343505
343506
343507
343508
343509
343510
343511
343512
343513
343514
343515
343516
343517
343518
343519
343520
343521
343522
343523
343524
343525
343526
343527
343528
343529
343530
343531
343532
343533
343534
343535
343536
343537
343538
343539
343540
343541
343542
343543
343544
343545
343546
343547
343548
343549
343550
343551
343552
343553
343554
343555
343556
343557
343558
343559
343560
343561
343562
343563
343564
343565
343566
343567
343568
343569
343570
343571
343572
343573
343574
343575
343576
343577
343578
343579
343580
343581
343582
343583
343584
343585
343586
343587
343588
343589
343590
343591
343592
343593
343594
343595
343596
343597
343598
343599
343600
343601
343602
343603
343604
343605
343606
343607
343608
343609
343610
343611
343612
343613
343614
343615
343616
343617
343618
343619
343620
343621
343622
343623
343624
343625
343626
343627
343628
343629
343630
343631
343632
343633
343634
343635
343636
343637
343638
343639
343640
343641
343642
343643
343644
343645
343646
343647
343648
343649
343650
343651
343652
343653
343654
343655
343656
343657
343658
343659
343660
343661
343662
343663
343664
343665
343666
343667
343668
343669
343670
343671
343672
343673
343674
343675
343676
343677
343678
343679
343680
343681
343682
343683
343684
343685
343686
343687
343688
343689
343690
343691
343692
343693
343694
343695
343696
343697
343698
343699
343700
343701
343702
343703
343704
343705
343706
343707
343708
343709
343710
343711
343712
343713
343714
343715
343716
343717
343718
343719
343720
343721
343722
343723
343724
343725
343726
343727
343728
343729
343730
343731
343732
343733
343734
343735
343736
343737
343738
343739
343740
343741
343742
343743
343744
343745
343746
343747
343748
343749
343750
343751
343752
343753
343754
343755
343756
343757
343758
343759
343760
343761
343762
343763
343764
343765
343766
343767
343768
343769
343770
343771
343772
343773
343774
343775
343776
343777
343778
343779
343780
343781
343782
343783
343784
343785
343786
343787
343788
343789
343790
343791
343792
343793
343794
343795
343796
343797
343798
343799
343800
343801
343802
343803
343804
343805
343806
343807
343808
343809
343810
343811
343812
343813
343814
343815
343816
343817
343818
343819
343820
343821
343822
343823
343824
343825
343826
343827
343828
343829
343830
343831
343832
343833
343834
343835
343836
343837
343838
343839
343840
