329340
329341
329342
329343
329344
329345
329346
329347
329348
329349
329350
329351
329352
329353
329354
329355
329356
329357
329358
329359
329360
329361
329362
329363
329364
329365
329366
329367
329368
329369
329370
329371
329372
329373
329374
329375
329376
329377
329378
329379
329380
329381
329382
329383
329384
329385
329386
329387
329388
329389
329390
329391
329392
329393
329394
329395
329396
329397
329398
329399
329400
329401
329402
329403
329404
329405
329406
329407
329408
329409
329410
329411
329412
329413
329414
329415
329416
329417
329418
329419
329420
329421
329422
329423
329424
329425
329426
329427
329428
329429
329430
329431
329432
329433
329434
329435
329436
329437
329438
329439
329440
329441
329442
329443
329444
329445
329446
329447
329448
329449
329450
329451
329452
329453
329454
329455
329456
329457
329458
329459
329460
329461
329462
329463
329464
329465
329466
329467
329468
329469
329470
329471
329472
329473
329474
329475
329476
329477
329478
329479
329480
329481
329482
329483
329484
329485
329486
329487
329488
329489
329490
329491
329492
329493
329494
329495
329496
329497
329498
329499
329500
329501
329502
329503
329504
329505
329506
329507
329508
329509
329510
329511
329512
329513
329514
329515
329516
329517
329518
329519
329520
329521
329522
329523
329524
329525
329526
329527
329528
329529
329530
329531
329532
329533
329534
329535
329536
329537
329538
329539
329540
329541
329542
329543
329544
329545
329546
329547
329548
329549
329550
329551
329552
329553
329554
329555
329556
329557
329558
329559
329560
329561
329562
329563
329564
329565
329566
329567
329568
329569
329570
329571
329572
329573
329574
329575
329576
329577
329578
329579
329580
329581
329582
329583
329584
329585
329586
329587
329588
329589
329590
329591
329592
329593
329594
329595
329596
329597
329598
329599
329600
329601
329602
329603
329604
329605
329606
329607
329608
329609
329610
329611
329612
329613
329614
329615
329616
329617
329618
329619
329620
329621
329622
329623
329624
329625
329626
329627
329628
329629
329630
329631
329632
329633
329634
329635
329636
329637
329638
329639
329640
329641
329642
329643
329644
329645
329646
329647
329648
329649
329650
329651
329652
329653
329654
329655
329656
329657
329658
329659
329660
329661
329662
329663
329664
329665
329666
329667
329668
329669
329670
329671
329672
329673
329674
329675
329676
329677
329678
329679
329680
329681
329682
329683
329684
329685
329686
329687
329688
329689
329690
329691
329692
329693
329694
329695
329696
329697
329698
329699
329700
329701
329702
329703
329704
329705
329706
329707
329708
329709
329710
329711
329712
329713
329714
329715
329716
329717
329718
329719
329720
329721
329722
329723
329724
329725
329726
329727
329728
329729
329730
329731
329732
329733
329734
329735
329736
329737
329738
329739
329740
329741
329742
329743
329744
329745
329746
329747
329748
329749
329750
329751
329752
329753
329754
329755
329756
329757
329758
329759
329760
329761
329762
329763
329764
329765
329766
329767
329768
329769
329770
329771
329772
329773
329774
329775
329776
329777
329778
329779
329780
329781
329782
329783
329784
329785
329786
329787
329788
329789
329790
329791
329792
329793
329794
329795
329796
329797
329798
329799
329800
329801
329802
329803
329804
329805
329806
329807
329808
329809
329810
329811
329812
329813
329814
329815
329816
329817
329818
329819
329820
329821
329822
329823
329824
329825
329826
329827
329828
329829
329830
329831
329832
329833
329834
329835
329836
329837
329838
329839
329840
329841
329842
329843
329844
329845
329846
329847
329848
329849
329850
329851
329852
329853
329854
329855
329856
329857
329858
329859
329860
329861
329862
329863
329864
329865
329866
329867
329868
329869
329870
329871
329872
329873
329874
329875
329876
329877
329878
329879
329880
329881
329882
329883
329884
329885
329886
329887
329888
329889
329890
329891
329892
329893
329894
329895
329896
329897
329898
329899
329900
329901
329902
329903
329904
329905
329906
329907
329908
329909
329910
329911
329912
329913
329914
329915
329916
329917
329918
329919
329920
329921
329922
329923
329924
329925
329926
329927
329928
329929
329930
329931
329932
329933
329934
329935
329936
329937
329938
329939
329940
329941
329942
329943
329944
329945
329946
329947
329948
329949
329950
329951
329952
329953
329954
329955
329956
329957
329958
329959
329960
329961
329962
329963
329964
329965
329966
329967
329968
329969
329970
329971
329972
329973
329974
329975
329976
329977
329978
329979
329980
329981
329982
329983
329984
329985
329986
329987
329988
329989
329990
329991
329992
329993
329994
329995
329996
329997
329998
329999
330000
330001
330002
330003
330004
330005
330006
330007
330008
330009
330010
330011
330012
330013
330014
330015
330016
330017
330018
330019
330020
330021
330022
330023
330024
330025
330026
330027
330028
330029
330030
330031
330032
330033
330034
330035
330036
330037
330038
330039
330040
330041
330042
330043
330044
330045
330046
330047
330048
330049
330050
330051
330052
330053
330054
330055
330056
330057
330058
330059
330060
330061
330062
330063
330064
330065
330066
330067
330068
330069
330070
330071
330072
330073
330074
330075
330076
330077
330078
330079
330080
330081
330082
330083
330084
330085
330086
330087
330088
330089
330090
330091
330092
330093
330094
330095
330096
330097
330098
330099
330100
330101
330102
330103
330104
330105
330106
330107
330108
330109
330110
330111
330112
330113
330114
330115
330116
330117
330118
330119
330120
330121
330122
330123
330124
330125
330126
330127
330128
330129
330130
330131
330132
330133
330134
330135
330136
330137
330138
330139
330140
330141
330142
330143
330144
330145
330146
330147
330148
330149
330150
330151
330152
330153
330154
330155
330156
330157
330158
330159
330160
330161
330162
330163
330164
330165
330166
330167
330168
330169
330170
330171
330172
330173
330174
330175
330176
330177
330178
330179
330180
330181
330182
330183
330184
330185
330186
330187
330188
330189
330190
330191
330192
330193
330194
330195
330196
330197
330198
330199
330200
330201
330202
330203
330204
330205
330206
330207
330208
330209
330210
330211
330212
330213
330214
330215
330216
330217
330218
330219
330220
330221
330222
330223
330224
330225
330226
330227
330228
330229
330230
330231
330232
330233
330234
330235
330236
330237
330238
330239
330240
330241
330242
330243
330244
330245
330246
330247
330248
330249
330250
330251
330252
330253
330254
330255
330256
330257
330258
330259
330260
330261
330262
330263
330264
330265
330266
330267
330268
330269
330270
330271
330272
330273
330274
330275
330276
330277
330278
330279
330280
330281
330282
330283
330284
330285
330286
330287
330288
330289
330290
330291
330292
330293
330294
330295
330296
330297
330298
330299
330300
330301
330302
330303
330304
330305
330306
330307
330308
330309
330310
330311
330312
330313
330314
330315
330316
330317
330318
330319
330320
330321
330322
330323
330324
330325
330326
330327
330328
330329
330330
330331
330332
330333
330334
330335
330336
330337
330338
330339
330340
330341
330342
330343
330344
330345
330346
330347
330348
330349
330350
330351
330352
330353
330354
330355
330356
330357
330358
330359
330360
330361
330362
330363
330364
330365
330366
330367
330368
330369
330370
330371
330372
330373
330374
330375
330376
330377
330378
330379
330380
330381
330382
330383
330384
330385
330386
330387
330388
330389
330390
330391
330392
330393
330394
330395
330396
330397
330398
330399
330400
330401
330402
330403
330404
330405
330406
330407
330408
330409
330410
330411
330412
330413
330414
330415
330416
330417
330418
330419
330420
330421
330422
330423
330424
330425
330426
330427
330428
330429
330430
330431
330432
330433
330434
330435
330436
330437
330438
330439
330440
330441
330442
330443
330444
330445
330446
330447
330448
330449
330450
330451
330452
330453
330454
330455
330456
330457
330458
330459
330460
330461
330462
330463
330464
330465
330466
330467
330468
330469
330470
330471
330472
330473
330474
330475
330476
330477
330478
330479
330480
330481
330482
330483
330484
330485
330486
330487
330488
330489
330490
330491
330492
330493
330494
330495
330496
330497
330498
330499
330500
330501
330502
330503
330504
330505
330506
330507
330508
330509
330510
330511
330512
330513
330514
330515
330516
330517
330518
330519
330520
330521
330522
330523
330524
330525
330526
330527
330528
330529
330530
330531
330532
330533
330534
330535
330536
330537
330538
330539
330540
330541
330542
330543
330544
330545
330546
330547
330548
330549
330550
330551
330552
330553
330554
330555
330556
330557
330558
330559
330560
330561
330562
330563
330564
330565
330566
330567
330568
330569
330570
330571
330572
330573
330574
330575
330576
330577
330578
330579
330580
330581
330582
330583
330584
330585
330586
330587
330588
330589
330590
330591
330592
330593
330594
330595
330596
330597
330598
330599
330600
330601
330602
330603
330604
330605
330606
330607
330608
330609
330610
330611
330612
330613
330614
330615
330616
330617
330618
330619
330620
330621
330622
330623
330624
330625
330626
330627
330628
330629
330630
330631
330632
330633
330634
330635
330636
330637
330638
330639
330640
330641
330642
330643
330644
330645
330646
330647
330648
330649
330650
330651
330652
330653
330654
330655
330656
330657
330658
330659
330660
330661
330662
330663
330664
330665
330666
330667
330668
330669
330670
330671
330672
330673
330674
330675
330676
330677
330678
330679
330680
330681
330682
330683
330684
330685
330686
330687
330688
330689
330690
330691
330692
330693
330694
330695
330696
330697
330698
330699
330700
330701
330702
330703
330704
330705
330706
330707
330708
330709
330710
330711
330712
330713
330714
330715
330716
330717
330718
330719
330720
330721
330722
330723
330724
330725
330726
330727
330728
330729
330730
330731
330732
330733
330734
330735
330736
330737
330738
330739
330740
330741
330742
330743
330744
330745
330746
330747
330748
330749
330750
330751
330752
330753
330754
330755
330756
330757
330758
330759
330760
330761
330762
330763
330764
330765
330766
330767
330768
330769
330770
330771
330772
330773
330774
330775
330776
330777
330778
330779
330780
330781
330782
330783
330784
330785
330786
330787
330788
330789
330790
330791
330792
330793
330794
330795
330796
330797
330798
330799
330800
330801
330802
330803
330804
330805
330806
330807
330808
330809
330810
330811
330812
330813
330814
330815
330816
330817
330818
330819
330820
330821
330822
330823
330824
330825
330826
330827
330828
330829
330830
330831
330832
330833
330834
330835
330836
330837
330838
330839
330840
330841
330842
330843
330844
330845
330846
330847
330848
330849
330850
330851
330852
330853
330854
330855
330856
330857
330858
330859
330860
330861
330862
330863
330864
330865
330866
330867
330868
330869
330870
330871
330872
330873
330874
330875
330876
330877
330878
330879
330880
330881
330882
330883
330884
330885
330886
330887
330888
330889
330890
330891
330892
330893
330894
330895
330896
330897
330898
330899
330900
330901
330902
330903
330904
330905
330906
330907
330908
330909
330910
330911
330912
330913
330914
330915
330916
330917
330918
330919
330920
330921
330922
330923
330924
330925
330926
330927
330928
330929
330930
330931
330932
330933
330934
330935
330936
330937
330938
330939
330940
330941
330942
330943
330944
330945
330946
330947
330948
330949
330950
330951
330952
330953
330954
330955
330956
330957
330958
330959
330960
330961
330962
330963
330964
330965
330966
330967
330968
330969
330970
330971
330972
330973
330974
330975
330976
330977
330978
330979
330980
330981
330982
330983
330984
330985
330986
330987
330988
330989
330990
330991
330992
330993
330994
330995
330996
330997
330998
330999
331000
331001
331002
331003
331004
331005
331006
331007
331008
331009
331010
331011
331012
331013
331014
331015
331016
331017
331018
331019
331020
331021
331022
331023
331024
331025
331026
331027
331028
331029
331030
331031
331032
331033
331034
331035
331036
331037
331038
331039
331040
331041
331042
331043
331044
331045
331046
331047
331048
331049
331050
331051
331052
331053
331054
331055
331056
331057
331058
331059
331060
331061
331062
331063
331064
331065
331066
331067
331068
331069
331070
331071
331072
331073
331074
331075
331076
331077
331078
331079
331080
331081
331082
331083
331084
331085
331086
331087
331088
331089
331090
331091
331092
331093
331094
331095
331096
331097
331098
331099
331100
331101
331102
331103
331104
331105
331106
331107
331108
331109
331110
331111
331112
331113
331114
331115
331116
331117
331118
331119
331120
331121
331122
331123
331124
331125
331126
331127
331128
331129
331130
331131
331132
331133
331134
331135
331136
331137
331138
331139
331140
331141
331142
331143
331144
331145
331146
331147
331148
331149
331150
331151
331152
331153
331154
331155
331156
331157
331158
331159
331160
331161
331162
331163
331164
331165
331166
331167
331168
331169
331170
331171
331172
331173
331174
331175
331176
331177
331178
331179
331180
331181
331182
331183
331184
331185
331186
331187
331188
331189
331190
331191
331192
331193
331194
331195
331196
331197
331198
331199
331200
331201
331202
331203
331204
331205
331206
331207
331208
331209
331210
331211
331212
331213
331214
331215
331216
331217
331218
331219
331220
331221
331222
331223
331224
331225
331226
331227
331228
331229
331230
331231
331232
331233
331234
331235
331236
331237
331238
331239
331240
331241
331242
331243
331244
331245
331246
331247
331248
331249
331250
331251
331252
331253
331254
331255
331256
331257
331258
331259
331260
331261
331262
331263
331264
331265
331266
331267
331268
331269
331270
331271
331272
331273
331274
331275
331276
331277
331278
331279
331280
331281
331282
331283
331284
331285
331286
331287
331288
331289
331290
331291
331292
331293
331294
331295
331296
331297
331298
331299
331300
331301
331302
331303
331304
331305
331306
331307
331308
331309
331310
331311
331312
331313
331314
331315
331316
331317
331318
331319
331320
331321
331322
331323
331324
331325
331326
331327
331328
331329
331330
331331
331332
331333
331334
331335
331336
331337
331338
331339
331340
331341
331342
331343
331344
331345
331346
331347
331348
331349
331350
331351
331352
331353
331354
331355
331356
331357
331358
331359
331360
331361
331362
331363
331364
331365
331366
331367
331368
331369
331370
331371
331372
331373
331374
