337621
337622
337623
337624
337625
337626
337627
337628
337629
337630
337631
337632
337633
337634
337635
337636
337637
337638
337639
337640
337641
337642
337643
337644
337645
337646
337647
337648
337649
337650
337651
337652
337653
337654
337655
337656
337657
337658
337659
337660
337661
337662
337663
337664
337665
337666
337667
337668
337669
337670
337671
337672
337673
337674
337675
337676
337677
337678
337679
337680
337681
337682
337683
337684
337685
337686
337687
337688
337689
337690
337691
337692
337693
337694
337695
337696
337697
337698
337699
337700
337701
337702
337703
337704
337705
337706
337707
337708
337709
337710
337711
337712
337713
337714
337715
337716
337717
337718
337719
337720
337721
337722
337723
337724
337725
337726
337727
337728
337729
337730
337731
337732
337733
337734
337735
337736
337737
337738
337739
337740
337741
337742
337743
337744
337745
337746
337747
337748
337749
337750
337751
337752
337753
337754
337755
337756
337757
337758
337759
337760
337761
337762
337763
337764
337765
337766
337767
337768
337769
337770
337771
337772
337773
337774
337775
337776
337777
337778
337779
337780
337781
337782
337783
337784
337785
337786
337787
337788
337789
337790
337791
337792
337793
337794
337795
337796
337797
337798
337799
337800
337801
337802
337803
337804
337805
337806
337807
337808
337809
337810
337811
337812
337813
337814
337815
337816
337817
337818
337819
337820
337821
337822
337823
337824
337825
337826
337827
337828
337829
337830
337831
337832
337833
337834
337835
337836
337837
337838
337839
337840
337841
337842
337843
337844
337845
337846
337847
337848
337849
337850
337851
337852
337853
337854
337855
337856
337857
337858
337859
337860
337861
337862
337863
337864
337865
337866
337867
337868
337869
337870
337871
337872
337873
337874
337875
337876
337877
337878
337879
337880
337881
337882
337883
337884
337885
337886
337887
337888
337889
337890
337891
337892
337893
337894
337895
337896
337897
337898
337899
337900
337901
337902
337903
337904
337905
337906
337907
337908
337909
337910
337911
337912
337913
337914
337915
337916
337917
337918
337919
337920
337921
337922
337923
337924
337925
337926
337927
337928
337929
337930
337931
337932
337933
337934
337935
337936
337937
337938
337939
337940
337941
337942
337943
337944
337945
337946
337947
337948
337949
337950
337951
337952
337953
337954
337955
337956
337957
337958
337959
337960
337961
337962
337963
337964
337965
337966
337967
337968
337969
337970
337971
337972
337973
337974
337975
337976
337977
337978
337979
337980
337981
337982
337983
337984
337985
337986
337987
337988
337989
337990
337991
337992
337993
337994
337995
337996
337997
337998
337999
338000
338001
338002
338003
338004
338005
338006
338007
338008
338009
338010
338011
338012
338013
338014
338015
338016
338017
338018
338019
338020
338021
338022
338023
338024
338025
338026
338027
338028
338029
338030
338031
338032
338033
338034
338035
338036
338037
338038
338039
338040
338041
338042
338043
338044
338045
338046
338047
338048
338049
338050
338051
338052
338053
338054
338055
338056
338057
338058
338059
338060
338061
338062
338063
338064
338065
338066
338067
338068
338069
338070
338071
338072
338073
338074
338075
338076
338077
338078
338079
338080
338081
338082
338083
338084
338085
338086
338087
338088
338089
338090
338091
338092
338093
338094
338095
338096
338097
338098
338099
338100
338101
338102
338103
338104
338105
338106
338107
338108
338109
338110
338111
338112
338113
338114
338115
338116
338117
338118
338119
338120
338121
338122
338123
338124
338125
338126
338127
338128
338129
338130
338131
338132
338133
338134
338135
338136
338137
338138
338139
338140
338141
338142
338143
338144
338145
338146
338147
338148
338149
338150
338151
338152
338153
338154
338155
338156
338157
338158
338159
338160
338161
338162
338163
338164
338165
338166
338167
338168
338169
338170
338171
338172
338173
338174
338175
338176
338177
338178
338179
338180
338181
338182
338183
338184
338185
338186
338187
338188
338189
338190
338191
338192
338193
338194
338195
338196
338197
338198
338199
338200
338201
338202
338203
338204
338205
338206
338207
338208
338209
338210
338211
338212
338213
338214
338215
338216
338217
338218
338219
338220
338221
338222
338223
338224
338225
338226
338227
338228
338229
338230
338231
338232
338233
338234
338235
338236
338237
338238
338239
338240
338241
338242
338243
338244
338245
338246
338247
338248
338249
338250
338251
338252
338253
338254
338255
338256
338257
338258
338259
338260
338261
338262
338263
338264
338265
338266
338267
338268
338269
338270
338271
338272
338273
338274
338275
338276
338277
338278
338279
338280
338281
338282
338283
338284
338285
338286
338287
338288
338289
338290
338291
338292
338293
338294
338295
338296
338297
338298
338299
338300
338301
338302
338303
338304
338305
338306
338307
338308
338309
338310
338311
338312
338313
338314
338315
338316
338317
338318
338319
338320
338321
338322
338323
338324
338325
338326
338327
338328
338329
338330
338331
338332
338333
338334
338335
338336
338337
338338
338339
338340
338341
338342
338343
338344
338345
338346
338347
338348
338349
338350
338351
338352
338353
338354
338355
338356
338357
338358
338359
338360
338361
338362
338363
338364
338365
338366
338367
338368
338369
338370
338371
338372
338373
338374
338375
338376
338377
338378
338379
338380
338381
338382
338383
338384
338385
338386
338387
338388
338389
338390
338391
338392
338393
338394
338395
338396
338397
338398
338399
338400
338401
338402
338403
338404
338405
338406
338407
338408
338409
338410
338411
338412
338413
338414
338415
338416
338417
338418
338419
338420
338421
338422
338423
338424
338425
338426
338427
338428
338429
338430
338431
338432
338433
338434
338435
338436
338437
338438
338439
338440
338441
338442
338443
338444
338445
338446
338447
338448
338449
338450
338451
338452
338453
338454
338455
338456
338457
338458
338459
338460
338461
338462
338463
338464
338465
338466
338467
338468
338469
338470
338471
338472
338473
338474
338475
338476
338477
338478
338479
338480
338481
338482
338483
338484
338485
338486
338487
338488
338489
338490
338491
338492
338493
338494
338495
338496
338497
338498
338499
338500
338501
338502
338503
338504
338505
338506
338507
338508
338509
338510
338511
338512
338513
338514
338515
338516
338517
338518
338519
338520
338521
338522
338523
338524
338525
338526
338527
338528
338529
338530
338531
338532
338533
338534
338535
338536
338537
338538
338539
338540
338541
338542
338543
338544
338545
338546
338547
338548
338549
338550
338551
338552
338553
338554
338555
338556
338557
338558
338559
338560
338561
338562
338563
338564
338565
338566
338567
338568
338569
338570
338571
338572
338573
338574
338575
338576
338577
338578
338579
338580
338581
338582
338583
338584
338585
338586
338587
338588
338589
338590
338591
338592
338593
338594
338595
338596
338597
338598
338599
338600
338601
338602
338603
338604
338605
338606
338607
338608
338609
338610
338611
338612
338613
338614
338615
338616
338617
338618
338619
338620
338621
338622
338623
338624
338625
338626
338627
338628
338629
338630
338631
338632
338633
338634
338635
338636
338637
338638
338639
338640
338641
338642
338643
338644
338645
338646
338647
338648
338649
338650
338651
338652
338653
338654
338655
338656
338657
338658
338659
338660
338661
338662
338663
338664
338665
338666
338667
338668
338669
338670
338671
338672
338673
338674
338675
338676
338677
338678
338679
338680
338681
338682
338683
338684
338685
338686
338687
338688
338689
338690
338691
338692
338693
338694
338695
338696
338697
338698
338699
338700
338701
338702
338703
338704
338705
338706
338707
338708
338709
338710
338711
338712
338713
338714
338715
338716
338717
338718
338719
338720
338721
338722
338723
338724
338725
338726
338727
338728
338729
338730
338731
338732
338733
338734
338735
338736
338737
338738
338739
338740
338741
338742
338743
338744
338745
338746
338747
338748
338749
338750
338751
338752
338753
338754
338755
338756
338757
338758
338759
338760
338761
338762
338763
338764
338765
338766
338767
338768
338769
338770
338771
338772
338773
338774
338775
338776
338777
338778
338779
338780
338781
338782
338783
338784
338785
338786
338787
338788
338789
338790
338791
338792
338793
338794
338795
338796
338797
338798
338799
338800
338801
338802
338803
338804
338805
338806
338807
338808
338809
338810
338811
338812
338813
338814
338815
338816
338817
338818
338819
338820
338821
338822
338823
338824
338825
338826
338827
338828
338829
338830
338831
338832
338833
338834
338835
338836
338837
338838
338839
338840
338841
338842
338843
338844
338845
338846
338847
338848
338849
338850
338851
338852
338853
338854
338855
338856
338857
338858
338859
338860
338861
338862
338863
338864
338865
338866
338867
338868
338869
338870
338871
338872
338873
338874
338875
338876
338877
338878
338879
338880
338881
338882
338883
338884
338885
338886
338887
338888
338889
338890
338891
338892
338893
338894
338895
338896
338897
338898
338899
338900
338901
338902
338903
338904
338905
338906
338907
338908
338909
338910
338911
338912
338913
338914
338915
338916
338917
338918
338919
338920
338921
338922
338923
338924
338925
338926
338927
338928
338929
338930
338931
338932
338933
338934
338935
338936
338937
338938
338939
338940
338941
338942
338943
338944
338945
338946
338947
338948
338949
338950
338951
338952
338953
338954
338955
338956
338957
338958
338959
338960
338961
338962
338963
338964
338965
338966
338967
338968
338969
338970
338971
338972
338973
338974
338975
338976
338977
338978
338979
338980
338981
338982
338983
338984
338985
338986
338987
338988
338989
338990
338991
338992
338993
338994
338995
338996
338997
338998
338999
339000
339001
339002
339003
339004
339005
339006
339007
339008
339009
339010
339011
339012
339013
339014
339015
339016
339017
339018
339019
339020
339021
339022
339023
339024
339025
339026
339027
339028
339029
339030
339031
339032
339033
339034
339035
339036
339037
339038
339039
339040
339041
339042
339043
339044
339045
339046
339047
339048
339049
339050
339051
339052
339053
339054
339055
339056
339057
339058
339059
339060
339061
339062
339063
339064
339065
339066
339067
339068
339069
339070
339071
339072
339073
339074
339075
339076
339077
339078
339079
339080
339081
339082
339083
339084
339085
339086
339087
339088
339089
339090
339091
339092
339093
339094
339095
339096
339097
339098
339099
339100
339101
339102
339103
339104
339105
339106
339107
339108
339109
339110
339111
339112
339113
339114
339115
339116
339117
339118
339119
339120
339121
339122
339123
339124
339125
339126
339127
339128
339129
339130
339131
339132
339133
339134
339135
339136
339137
339138
339139
339140
339141
339142
339143
339144
339145
339146
339147
339148
339149
339150
339151
339152
339153
339154
339155
339156
339157
339158
339159
339160
339161
339162
339163
339164
339165
339166
339167
339168
339169
339170
339171
339172
339173
339174
339175
339176
339177
339178
339179
339180
339181
339182
339183
339184
339185
339186
339187
339188
339189
339190
339191
339192
339193
339194
339195
339196
339197
339198
339199
339200
339201
339202
339203
339204
339205
339206
339207
339208
339209
339210
339211
339212
339213
339214
339215
339216
339217
339218
339219
339220
339221
339222
339223
339224
339225
339226
339227
339228
339229
339230
339231
339232
339233
339234
339235
339236
339237
339238
339239
339240
339241
339242
339243
339244
339245
339246
339247
339248
339249
339250
339251
339252
339253
339254
339255
339256
339257
339258
339259
339260
339261
339262
339263
339264
339265
339266
339267
339268
339269
339270
339271
339272
339273
339274
339275
339276
339277
339278
339279
339280
339281
339282
339283
339284
339285
339286
339287
339288
339289
339290
339291
339292
339293
339294
339295
339296
339297
339298
339299
339300
339301
339302
339303
339304
339305
339306
339307
339308
339309
339310
339311
339312
339313
339314
339315
339316
339317
339318
339319
339320
339321
339322
339323
339324
339325
339326
339327
339328
339329
339330
339331
339332
339333
339334
339335
339336
339337
339338
339339
339340
339341
339342
339343
339344
339345
339346
339347
339348
339349
339350
339351
339352
339353
339354
339355
339356
339357
339358
339359
339360
339361
339362
339363
339364
339365
339366
339367
339368
339369
339370
339371
339372
339373
339374
339375
339376
339377
339378
339379
339380
339381
339382
339383
339384
339385
339386
339387
339388
339389
339390
339391
339392
339393
339394
339395
339396
339397
339398
339399
339400
339401
339402
339403
339404
339405
339406
339407
339408
339409
339410
339411
339412
339413
339414
339415
339416
339417
339418
339419
339420
339421
339422
339423
339424
339425
339426
339427
339428
339429
339430
339431
339432
339433
339434
339435
339436
339437
339438
339439
339440
339441
339442
339443
339444
339445
339446
339447
339448
339449
339450
339451
339452
339453
339454
339455
339456
339457
339458
339459
339460
339461
339462
339463
339464
339465
339466
339467
339468
339469
339470
339471
339472
339473
339474
339475
339476
339477
339478
339479
339480
339481
339482
339483
339484
339485
339486
339487
339488
339489
339490
339491
339492
339493
339494
339495
339496
339497
339498
339499
339500
339501
339502
339503
339504
339505
339506
339507
339508
339509
339510
339511
339512
339513
339514
339515
339516
339517
339518
339519
339520
339521
339522
339523
339524
339525
339526
339527
339528
339529
339530
339531
339532
339533
339534
339535
339536
339537
339538
339539
339540
339541
339542
339543
339544
339545
339546
339547
339548
339549
339550
339551
339552
339553
339554
339555
339556
339557
339558
339559
339560
339561
339562
339563
339564
339565
339566
339567
339568
339569
339570
339571
339572
339573
339574
339575
339576
339577
339578
339579
339580
339581
339582
339583
339584
339585
339586
339587
339588
339589
339590
339591
339592
339593
339594
339595
339596
339597
339598
339599
339600
339601
339602
339603
339604
339605
339606
339607
339608
339609
339610
339611
339612
339613
339614
339615
339616
339617
339618
339619
339620
339621
339622
339623
339624
339625
339626
339627
339628
339629
339630
339631
339632
339633
339634
339635
339636
339637
339638
339639
339640
339641
339642
339643
339644
339645
339646
339647
339648
339649
339650
339651
339652
339653
339654
339655
339656
339657
339658
339659
339660
339661
339662
339663
339664
339665
339666
339667
339668
339669
339670
339671
339672
339673
339674
339675
339676
339677
339678
339679
339680
339681
339682
339683
339684
339685
339686
339687
339688
339689
339690
339691
339692
339693
339694
339695
339696
339697
339698
339699
339700
339701
339702
339703
339704
339705
339706
339707
339708
339709
339710
339711
339712
339713
339714
339715
339716
339717
339718
339719
339720
339721
339722
339723
