323099
323100
323101
323102
323103
323104
323105
323106
323107
323108
323109
323110
323111
323112
323113
323114
323115
323116
323117
323118
323119
323120
323121
323122
323123
323124
323125
323126
323127
323128
323129
323130
323131
323132
323133
323134
323135
323136
323137
323138
323139
323140
323141
323142
323143
323144
323145
323146
323147
323148
323149
323150
323151
323152
323153
323154
323155
323156
323157
323158
323159
323160
323161
323162
323163
323164
323165
323166
323167
323168
323169
323170
323171
323172
323173
323174
323175
323176
323177
323178
323179
323180
323181
323182
323183
323184
323185
323186
323187
323188
323189
323190
323191
323192
323193
323194
323195
323196
323197
323198
323199
323200
323201
323202
323203
323204
323205
323206
323207
323208
323209
323210
323211
323212
323213
323214
323215
323216
323217
323218
323219
323220
323221
323222
323223
323224
323225
323226
323227
323228
323229
323230
323231
323232
323233
323234
323235
323236
323237
323238
323239
323240
323241
323242
323243
323244
323245
323246
323247
323248
323249
323250
323251
323252
323253
323254
323255
323256
323257
323258
323259
323260
323261
323262
323263
323264
323265
323266
323267
323268
323269
323270
323271
323272
323273
323274
323275
323276
323277
323278
323279
323280
323281
323282
323283
323284
323285
323286
323287
323288
323289
323290
323291
323292
323293
323294
323295
323296
323297
323298
323299
323300
323301
323302
323303
323304
323305
323306
323307
323308
323309
323310
323311
323312
323313
323314
323315
323316
323317
323318
323319
323320
323321
323322
323323
323324
323325
323326
323327
323328
323329
323330
323331
323332
323333
323334
323335
323336
323337
323338
323339
323340
323341
323342
323343
323344
323345
323346
323347
323348
323349
323350
323351
323352
323353
323354
323355
323356
323357
323358
323359
323360
323361
323362
323363
323364
323365
323366
323367
323368
323369
323370
323371
323372
323373
323374
323375
323376
323377
323378
323379
323380
323381
323382
323383
323384
323385
323386
323387
323388
323389
323390
323391
323392
323393
323394
323395
323396
323397
323398
323399
323400
323401
323402
323403
323404
323405
323406
323407
323408
323409
323410
323411
323412
323413
323414
323415
323416
323417
323418
323419
323420
323421
323422
323423
323424
323425
323426
323427
323428
323429
323430
323431
323432
323433
323434
323435
323436
323437
323438
323439
323440
323441
323442
323443
323444
323445
323446
323447
323448
323449
323450
323451
323452
323453
323454
323455
323456
323457
323458
323459
323460
323461
323462
323463
323464
323465
323466
323467
323468
323469
323470
323471
323472
323473
323474
323475
323476
323477
323478
323479
323480
323481
323482
323483
323484
323485
323486
323487
323488
323489
323490
323491
323492
323493
323494
323495
323496
323497
323498
323499
323500
323501
323502
323503
323504
323505
323506
323507
323508
323509
323510
323511
323512
323513
323514
323515
323516
323517
323518
323519
323520
323521
323522
323523
323524
323525
323526
323527
323528
323529
323530
323531
323532
323533
323534
323535
323536
323537
323538
323539
323540
323541
323542
323543
323544
323545
323546
323547
323548
323549
323550
323551
323552
323553
323554
323555
323556
323557
323558
323559
323560
323561
323562
323563
323564
323565
323566
323567
323568
323569
323570
323571
323572
323573
323574
323575
323576
323577
323578
323579
323580
323581
323582
323583
323584
323585
323586
323587
323588
323589
323590
323591
323592
323593
323594
323595
323596
323597
323598
323599
323600
323601
323602
323603
323604
323605
323606
323607
323608
323609
323610
323611
323612
323613
323614
323615
323616
323617
323618
323619
323620
323621
323622
323623
323624
323625
323626
323627
323628
323629
323630
323631
323632
323633
323634
323635
323636
323637
323638
323639
323640
323641
323642
323643
323644
323645
323646
323647
323648
323649
323650
323651
323652
323653
323654
323655
323656
323657
323658
323659
323660
323661
323662
323663
323664
323665
323666
323667
323668
323669
323670
323671
323672
323673
323674
323675
323676
323677
323678
323679
323680
323681
323682
323683
323684
323685
323686
323687
323688
323689
323690
323691
323692
323693
323694
323695
323696
323697
323698
323699
323700
323701
323702
323703
323704
323705
323706
323707
323708
323709
323710
323711
323712
323713
323714
323715
323716
323717
323718
323719
323720
323721
323722
323723
323724
323725
323726
323727
323728
323729
323730
323731
323732
323733
323734
323735
323736
323737
323738
323739
323740
323741
323742
323743
323744
323745
323746
323747
323748
323749
323750
323751
323752
323753
323754
323755
323756
323757
323758
323759
323760
323761
323762
323763
323764
323765
323766
323767
323768
323769
323770
323771
323772
323773
323774
323775
323776
323777
323778
323779
323780
323781
323782
323783
323784
323785
323786
323787
323788
323789
323790
323791
323792
323793
323794
323795
323796
323797
323798
323799
323800
323801
323802
323803
323804
323805
323806
323807
323808
323809
323810
323811
323812
323813
323814
323815
323816
323817
323818
323819
323820
323821
323822
323823
323824
323825
323826
323827
323828
323829
323830
323831
323832
323833
323834
323835
323836
323837
323838
323839
323840
323841
323842
323843
323844
323845
323846
323847
323848
323849
323850
323851
323852
323853
323854
323855
323856
323857
323858
323859
323860
323861
323862
323863
323864
323865
323866
323867
323868
323869
323870
323871
323872
323873
323874
323875
323876
323877
323878
323879
323880
323881
323882
323883
323884
323885
323886
323887
323888
323889
323890
323891
323892
323893
323894
323895
323896
323897
323898
323899
323900
323901
323902
323903
323904
323905
323906
323907
323908
323909
323910
323911
323912
323913
323914
323915
323916
323917
323918
323919
323920
323921
323922
323923
323924
323925
323926
323927
323928
323929
323930
323931
323932
323933
323934
323935
323936
323937
323938
323939
323940
323941
323942
323943
323944
323945
323946
323947
323948
323949
323950
323951
323952
323953
323954
323955
323956
323957
323958
323959
323960
323961
323962
323963
323964
323965
323966
323967
323968
323969
323970
323971
323972
323973
323974
323975
323976
323977
323978
323979
323980
323981
323982
323983
323984
323985
323986
323987
323988
323989
323990
323991
323992
323993
323994
323995
323996
323997
323998
323999
324000
324001
324002
324003
324004
324005
324006
324007
324008
324009
324010
324011
324012
324013
324014
324015
324016
324017
324018
324019
324020
324021
324022
324023
324024
324025
324026
324027
324028
324029
324030
324031
324032
324033
324034
324035
324036
324037
324038
324039
324040
324041
324042
324043
324044
324045
324046
324047
324048
324049
324050
324051
324052
324053
324054
324055
324056
324057
324058
324059
324060
324061
324062
324063
324064
324065
324066
324067
324068
324069
324070
324071
324072
324073
324074
324075
324076
324077
324078
324079
324080
324081
324082
324083
324084
324085
324086
324087
324088
324089
324090
324091
324092
324093
324094
324095
324096
324097
324098
324099
324100
324101
324102
324103
324104
324105
324106
324107
324108
324109
324110
324111
324112
324113
324114
324115
324116
324117
324118
324119
324120
324121
324122
324123
324124
324125
324126
324127
324128
324129
324130
324131
324132
324133
324134
324135
324136
324137
324138
324139
324140
324141
324142
324143
324144
324145
324146
324147
324148
324149
324150
324151
324152
324153
324154
324155
324156
324157
324158
324159
324160
324161
324162
324163
324164
324165
324166
324167
324168
324169
324170
324171
324172
324173
324174
324175
324176
324177
324178
324179
324180
324181
324182
324183
324184
324185
324186
324187
324188
324189
324190
324191
324192
324193
324194
324195
324196
324197
324198
324199
324200
324201
324202
324203
324204
324205
324206
324207
324208
324209
324210
324211
324212
324213
324214
324215
324216
324217
324218
324219
324220
324221
324222
324223
324224
324225
324226
324227
324228
324229
324230
324231
324232
324233
324234
324235
324236
324237
324238
324239
324240
324241
324242
324243
324244
324245
324246
324247
324248
324249
324250
324251
324252
324253
324254
324255
324256
324257
324258
324259
324260
324261
324262
324263
324264
324265
324266
324267
324268
324269
324270
324271
324272
324273
324274
324275
324276
324277
324278
324279
324280
324281
324282
324283
324284
324285
324286
324287
324288
324289
324290
324291
324292
324293
324294
324295
324296
324297
324298
324299
324300
324301
324302
324303
324304
324305
324306
324307
324308
324309
324310
324311
324312
324313
324314
324315
324316
324317
324318
324319
324320
324321
324322
324323
324324
324325
324326
324327
324328
324329
324330
324331
324332
324333
324334
324335
324336
324337
324338
324339
324340
324341
324342
324343
324344
324345
324346
324347
324348
324349
324350
324351
324352
324353
324354
324355
324356
324357
324358
324359
324360
324361
324362
324363
324364
324365
324366
324367
324368
324369
324370
324371
324372
324373
324374
324375
324376
324377
324378
324379
324380
324381
324382
324383
324384
324385
324386
324387
324388
324389
324390
324391
324392
324393
324394
324395
324396
324397
324398
324399
324400
324401
324402
324403
324404
324405
324406
324407
324408
324409
324410
324411
324412
324413
324414
324415
324416
324417
324418
324419
324420
324421
324422
324423
324424
324425
324426
324427
324428
324429
324430
324431
324432
324433
324434
324435
324436
324437
324438
324439
324440
324441
324442
324443
324444
324445
324446
324447
324448
324449
324450
324451
324452
324453
324454
324455
324456
324457
324458
324459
324460
324461
324462
324463
324464
324465
324466
324467
324468
324469
324470
324471
324472
324473
324474
324475
324476
324477
324478
324479
324480
324481
324482
324483
324484
324485
324486
324487
324488
324489
324490
324491
324492
324493
324494
324495
324496
324497
324498
324499
324500
324501
324502
324503
324504
324505
324506
324507
324508
324509
324510
324511
324512
324513
324514
324515
324516
324517
324518
324519
324520
324521
324522
324523
324524
324525
324526
324527
324528
324529
324530
324531
324532
324533
324534
324535
324536
324537
324538
324539
324540
324541
324542
324543
324544
324545
324546
324547
324548
324549
324550
324551
324552
324553
324554
324555
324556
324557
324558
324559
324560
324561
324562
324563
324564
324565
324566
324567
324568
324569
324570
324571
324572
324573
324574
324575
324576
324577
324578
324579
324580
324581
324582
324583
324584
324585
324586
324587
324588
324589
324590
324591
324592
324593
324594
324595
324596
324597
324598
324599
324600
324601
324602
324603
324604
324605
324606
324607
324608
324609
324610
324611
324612
324613
324614
324615
324616
324617
324618
324619
324620
324621
324622
324623
324624
324625
324626
324627
324628
324629
324630
324631
324632
324633
324634
324635
324636
324637
324638
324639
324640
324641
324642
324643
324644
324645
324646
324647
324648
324649
324650
324651
324652
324653
324654
324655
324656
324657
324658
324659
324660
324661
324662
324663
324664
324665
324666
324667
324668
324669
324670
324671
324672
324673
324674
324675
324676
324677
324678
324679
324680
324681
324682
324683
324684
324685
324686
324687
324688
324689
324690
324691
324692
324693
324694
324695
324696
324697
324698
324699
324700
324701
324702
324703
324704
324705
324706
324707
324708
324709
324710
324711
324712
324713
324714
324715
324716
324717
324718
324719
324720
324721
324722
324723
324724
324725
324726
324727
324728
324729
324730
324731
324732
324733
324734
324735
324736
324737
324738
324739
324740
324741
324742
324743
324744
324745
324746
324747
324748
324749
324750
324751
324752
324753
324754
324755
324756
324757
324758
324759
324760
324761
324762
324763
324764
324765
324766
324767
324768
324769
324770
324771
324772
324773
324774
324775
324776
324777
324778
324779
324780
324781
324782
324783
324784
324785
324786
324787
324788
324789
324790
324791
324792
324793
324794
324795
324796
324797
324798
324799
324800
324801
324802
324803
324804
324805
324806
324807
324808
324809
324810
324811
324812
324813
324814
324815
324816
324817
324818
324819
324820
324821
324822
324823
324824
324825
324826
324827
324828
324829
324830
324831
324832
324833
324834
324835
324836
324837
324838
324839
324840
324841
324842
324843
324844
324845
324846
324847
324848
324849
324850
324851
324852
324853
324854
324855
324856
324857
324858
324859
324860
324861
324862
324863
324864
324865
324866
324867
324868
324869
324870
324871
324872
324873
324874
324875
324876
324877
324878
324879
324880
324881
324882
324883
324884
324885
324886
324887
324888
324889
324890
324891
324892
324893
324894
324895
324896
324897
324898
324899
324900
324901
324902
324903
324904
324905
324906
324907
324908
324909
324910
324911
324912
324913
324914
324915
324916
324917
324918
324919
324920
324921
324922
324923
324924
324925
324926
324927
324928
324929
324930
324931
324932
324933
324934
324935
324936
324937
324938
324939
324940
324941
324942
324943
324944
324945
324946
324947
324948
324949
324950
324951
324952
324953
324954
324955
324956
324957
324958
324959
324960
324961
324962
324963
324964
324965
324966
324967
324968
324969
324970
324971
324972
324973
324974
324975
324976
324977
324978
324979
324980
324981
324982
324983
324984
324985
324986
324987
324988
324989
324990
324991
324992
324993
324994
324995
324996
324997
324998
324999
325000
325001
325002
325003
325004
325005
325006
325007
325008
325009
325010
325011
325012
325013
325014
325015
325016
325017
325018
325019
325020
325021
325022
325023
325024
325025
325026
325027
325028
325029
325030
325031
325032
325033
325034
325035
325036
325037
325038
325039
325040
325041
325042
325043
325044
325045
325046
325047
325048
325049
325050
325051
325052
325053
325054
325055
325056
325057
325058
325059
325060
325061
325062
325063
325064
325065
325066
325067
325068
325069
325070
325071
325072
325073
325074
325075
325076
325077
325078
325079
325080
325081
325082
325083
325084
325085
325086
325087
325088
325089
325090
325091
325092
325093
325094
325095
325096
325097
325098
325099
325100
325101
325102
325103
325104
325105
325106
325107
325108
325109
325110
325111
325112
325113
325114
325115
325116
325117
325118
325119
325120
325121
325122
325123
325124
325125
325126
325127
325128
325129
325130
325131
325132
325133
325134
325135
325136
325137
325138
325139
325140
325141
325142
325143
325144
325145
325146
325147
325148
325149
325150
325151
325152
325153
325154
325155
325156
325157
325158
325159
325160
325161
325162
325163
325164
325165
325166
325167
325168
325169
325170
325171
325172
325173
325174
325175
325176
325177
325178
325179
325180
325181
325182
325183
325184
325185
