335586
335587
335588
335589
335590
335591
335592
335593
335594
335595
335596
335597
335598
335599
335600
335601
335602
335603
335604
335605
335606
335607
335608
335609
335610
335611
335612
335613
335614
335615
335616
335617
335618
335619
335620
335621
335622
335623
335624
335625
335626
335627
335628
335629
335630
335631
335632
335633
335634
335635
335636
335637
335638
335639
335640
335641
335642
335643
335644
335645
335646
335647
335648
335649
335650
335651
335652
335653
335654
335655
335656
335657
335658
335659
335660
335661
335662
335663
335664
335665
335666
335667
335668
335669
335670
335671
335672
335673
335674
335675
335676
335677
335678
335679
335680
335681
335682
335683
335684
335685
335686
335687
335688
335689
335690
335691
335692
335693
335694
335695
335696
335697
335698
335699
335700
335701
335702
335703
335704
335705
335706
335707
335708
335709
335710
335711
335712
335713
335714
335715
335716
335717
335718
335719
335720
335721
335722
335723
335724
335725
335726
335727
335728
335729
335730
335731
335732
335733
335734
335735
335736
335737
335738
335739
335740
335741
335742
335743
335744
335745
335746
335747
335748
335749
335750
335751
335752
335753
335754
335755
335756
335757
335758
335759
335760
335761
335762
335763
335764
335765
335766
335767
335768
335769
335770
335771
335772
335773
335774
335775
335776
335777
335778
335779
335780
335781
335782
335783
335784
335785
335786
335787
335788
335789
335790
335791
335792
335793
335794
335795
335796
335797
335798
335799
335800
335801
335802
335803
335804
335805
335806
335807
335808
335809
335810
335811
335812
335813
335814
335815
335816
335817
335818
335819
335820
335821
335822
335823
335824
335825
335826
335827
335828
335829
335830
335831
335832
335833
335834
335835
335836
335837
335838
335839
335840
335841
335842
335843
335844
335845
335846
335847
335848
335849
335850
335851
335852
335853
335854
335855
335856
335857
335858
335859
335860
335861
335862
335863
335864
335865
335866
335867
335868
335869
335870
335871
335872
335873
335874
335875
335876
335877
335878
335879
335880
335881
335882
335883
335884
335885
335886
335887
335888
335889
335890
335891
335892
335893
335894
335895
335896
335897
335898
335899
335900
335901
335902
335903
335904
335905
335906
335907
335908
335909
335910
335911
335912
335913
335914
335915
335916
335917
335918
335919
335920
335921
335922
335923
335924
335925
335926
335927
335928
335929
335930
335931
335932
335933
335934
335935
335936
335937
335938
335939
335940
335941
335942
335943
335944
335945
335946
335947
335948
335949
335950
335951
335952
335953
335954
335955
335956
335957
335958
335959
335960
335961
335962
335963
335964
335965
335966
335967
335968
335969
335970
335971
335972
335973
335974
335975
335976
335977
335978
335979
335980
335981
335982
335983
335984
335985
335986
335987
335988
335989
335990
335991
335992
335993
335994
335995
335996
335997
335998
335999
336000
336001
336002
336003
336004
336005
336006
336007
336008
336009
336010
336011
336012
336013
336014
336015
336016
336017
336018
336019
336020
336021
336022
336023
336024
336025
336026
336027
336028
336029
336030
336031
336032
336033
336034
336035
336036
336037
336038
336039
336040
336041
336042
336043
336044
336045
336046
336047
336048
336049
336050
336051
336052
336053
336054
336055
336056
336057
336058
336059
336060
336061
336062
336063
336064
336065
336066
336067
336068
336069
336070
336071
336072
336073
336074
336075
336076
336077
336078
336079
336080
336081
336082
336083
336084
336085
336086
336087
336088
336089
336090
336091
336092
336093
336094
336095
336096
336097
336098
336099
336100
336101
336102
336103
336104
336105
336106
336107
336108
336109
336110
336111
336112
336113
336114
336115
336116
336117
336118
336119
336120
336121
336122
336123
336124
336125
336126
336127
336128
336129
336130
336131
336132
336133
336134
336135
336136
336137
336138
336139
336140
336141
336142
336143
336144
336145
336146
336147
336148
336149
336150
336151
336152
336153
336154
336155
336156
336157
336158
336159
336160
336161
336162
336163
336164
336165
336166
336167
336168
336169
336170
336171
336172
336173
336174
336175
336176
336177
336178
336179
336180
336181
336182
336183
336184
336185
336186
336187
336188
336189
336190
336191
336192
336193
336194
336195
336196
336197
336198
336199
336200
336201
336202
336203
336204
336205
336206
336207
336208
336209
336210
336211
336212
336213
336214
336215
336216
336217
336218
336219
336220
336221
336222
336223
336224
336225
336226
336227
336228
336229
336230
336231
336232
336233
336234
336235
336236
336237
336238
336239
336240
336241
336242
336243
336244
336245
336246
336247
336248
336249
336250
336251
336252
336253
336254
336255
336256
336257
336258
336259
336260
336261
336262
336263
336264
336265
336266
336267
336268
336269
336270
336271
336272
336273
336274
336275
336276
336277
336278
336279
336280
336281
336282
336283
336284
336285
336286
336287
336288
336289
336290
336291
336292
336293
336294
336295
336296
336297
336298
336299
336300
336301
336302
336303
336304
336305
336306
336307
336308
336309
336310
336311
336312
336313
336314
336315
336316
336317
336318
336319
336320
336321
336322
336323
336324
336325
336326
336327
336328
336329
336330
336331
336332
336333
336334
336335
336336
336337
336338
336339
336340
336341
336342
336343
336344
336345
336346
336347
336348
336349
336350
336351
336352
336353
336354
336355
336356
336357
336358
336359
336360
336361
336362
336363
336364
336365
336366
336367
336368
336369
336370
336371
336372
336373
336374
336375
336376
336377
336378
336379
336380
336381
336382
336383
336384
336385
336386
336387
336388
336389
336390
336391
336392
336393
336394
336395
336396
336397
336398
336399
336400
336401
336402
336403
336404
336405
336406
336407
336408
336409
336410
336411
336412
336413
336414
336415
336416
336417
336418
336419
336420
336421
336422
336423
336424
336425
336426
336427
336428
336429
336430
336431
336432
336433
336434
336435
336436
336437
336438
336439
336440
336441
336442
336443
336444
336445
336446
336447
336448
336449
336450
336451
336452
336453
336454
336455
336456
336457
336458
336459
336460
336461
336462
336463
336464
336465
336466
336467
336468
336469
336470
336471
336472
336473
336474
336475
336476
336477
336478
336479
336480
336481
336482
336483
336484
336485
336486
336487
336488
336489
336490
336491
336492
336493
336494
336495
336496
336497
336498
336499
336500
336501
336502
336503
336504
336505
336506
336507
336508
336509
336510
336511
336512
336513
336514
336515
336516
336517
336518
336519
336520
336521
336522
336523
336524
336525
336526
336527
336528
336529
336530
336531
336532
336533
336534
336535
336536
336537
336538
336539
336540
336541
336542
336543
336544
336545
336546
336547
336548
336549
336550
336551
336552
336553
336554
336555
336556
336557
336558
336559
336560
336561
336562
336563
336564
336565
336566
336567
336568
336569
336570
336571
336572
336573
336574
336575
336576
336577
336578
336579
336580
336581
336582
336583
336584
336585
336586
336587
336588
336589
336590
336591
336592
336593
336594
336595
336596
336597
336598
336599
336600
336601
336602
336603
336604
336605
336606
336607
336608
336609
336610
336611
336612
336613
336614
336615
336616
336617
336618
336619
336620
336621
336622
336623
336624
336625
336626
336627
336628
336629
336630
336631
336632
336633
336634
336635
336636
336637
336638
336639
336640
336641
336642
336643
336644
336645
336646
336647
336648
336649
336650
336651
336652
336653
336654
336655
336656
336657
336658
336659
336660
336661
336662
336663
336664
336665
336666
336667
336668
336669
336670
336671
336672
336673
336674
336675
336676
336677
336678
336679
336680
336681
336682
336683
336684
336685
336686
336687
336688
336689
336690
336691
336692
336693
336694
336695
336696
336697
336698
336699
336700
336701
336702
336703
336704
336705
336706
336707
336708
336709
336710
336711
336712
336713
336714
336715
336716
336717
336718
336719
336720
336721
336722
336723
336724
336725
336726
336727
336728
336729
336730
336731
336732
336733
336734
336735
336736
336737
336738
336739
336740
336741
336742
336743
336744
336745
336746
336747
336748
336749
336750
336751
336752
336753
336754
336755
336756
336757
336758
336759
336760
336761
336762
336763
336764
336765
336766
336767
336768
336769
336770
336771
336772
336773
336774
336775
336776
336777
336778
336779
336780
336781
336782
336783
336784
336785
336786
336787
336788
336789
336790
336791
336792
336793
336794
336795
336796
336797
336798
336799
336800
336801
336802
336803
336804
336805
336806
336807
336808
336809
336810
336811
336812
336813
336814
336815
336816
336817
336818
336819
336820
336821
336822
336823
336824
336825
336826
336827
336828
336829
336830
336831
336832
336833
336834
336835
336836
336837
336838
336839
336840
336841
336842
336843
336844
336845
336846
336847
336848
336849
336850
336851
336852
336853
336854
336855
336856
336857
336858
336859
336860
336861
336862
336863
336864
336865
336866
336867
336868
336869
336870
336871
336872
336873
336874
336875
336876
336877
336878
336879
336880
336881
336882
336883
336884
336885
336886
336887
336888
336889
336890
336891
336892
336893
336894
336895
336896
336897
336898
336899
336900
336901
336902
336903
336904
336905
336906
336907
336908
336909
336910
336911
336912
336913
336914
336915
336916
336917
336918
336919
336920
336921
336922
336923
336924
336925
336926
336927
336928
336929
336930
336931
336932
336933
336934
336935
336936
336937
336938
336939
336940
336941
336942
336943
336944
336945
336946
336947
336948
336949
336950
336951
336952
336953
336954
336955
336956
336957
336958
336959
336960
336961
336962
336963
336964
336965
336966
336967
336968
336969
336970
336971
336972
336973
336974
336975
336976
336977
336978
336979
336980
336981
336982
336983
336984
336985
336986
336987
336988
336989
336990
336991
336992
336993
336994
336995
336996
336997
336998
336999
337000
337001
337002
337003
337004
337005
337006
337007
337008
337009
337010
337011
337012
337013
337014
337015
337016
337017
337018
337019
337020
337021
337022
337023
337024
337025
337026
337027
337028
337029
337030
337031
337032
337033
337034
337035
337036
337037
337038
337039
337040
337041
337042
337043
337044
337045
337046
337047
337048
337049
337050
337051
337052
337053
337054
337055
337056
337057
337058
337059
337060
337061
337062
337063
337064
337065
337066
337067
337068
337069
337070
337071
337072
337073
337074
337075
337076
337077
337078
337079
337080
337081
337082
337083
337084
337085
337086
337087
337088
337089
337090
337091
337092
337093
337094
337095
337096
337097
337098
337099
337100
337101
337102
337103
337104
337105
337106
337107
337108
337109
337110
337111
337112
337113
337114
337115
337116
337117
337118
337119
337120
337121
337122
337123
337124
337125
337126
337127
337128
337129
337130
337131
337132
337133
337134
337135
337136
337137
337138
337139
337140
337141
337142
337143
337144
337145
337146
337147
337148
337149
337150
337151
337152
337153
337154
337155
337156
337157
337158
337159
337160
337161
337162
337163
337164
337165
337166
337167
337168
337169
337170
337171
337172
337173
337174
337175
337176
337177
337178
337179
337180
337181
337182
337183
337184
337185
337186
337187
337188
337189
337190
337191
337192
337193
337194
337195
337196
337197
337198
337199
337200
337201
337202
337203
337204
337205
337206
337207
337208
337209
337210
337211
337212
337213
337214
337215
337216
337217
337218
337219
337220
337221
337222
337223
337224
337225
337226
337227
337228
337229
337230
337231
337232
337233
337234
337235
337236
337237
337238
337239
337240
337241
337242
337243
337244
337245
337246
337247
337248
337249
337250
337251
337252
337253
337254
337255
337256
337257
337258
337259
337260
337261
337262
337263
337264
337265
337266
337267
337268
337269
337270
337271
337272
337273
337274
337275
337276
337277
337278
337279
337280
337281
337282
337283
337284
337285
337286
337287
337288
337289
337290
337291
337292
337293
337294
337295
337296
337297
337298
337299
337300
337301
337302
337303
337304
337305
337306
337307
337308
337309
337310
337311
337312
337313
337314
337315
337316
337317
337318
337319
337320
337321
337322
337323
337324
337325
337326
337327
337328
337329
337330
337331
337332
337333
337334
337335
337336
337337
337338
337339
337340
337341
337342
337343
337344
337345
337346
337347
337348
337349
337350
337351
337352
337353
337354
337355
337356
337357
337358
337359
337360
337361
337362
337363
337364
337365
337366
337367
337368
337369
337370
337371
337372
337373
337374
337375
337376
337377
337378
337379
337380
337381
337382
337383
337384
337385
337386
337387
337388
337389
337390
337391
337392
337393
337394
337395
337396
337397
337398
337399
337400
337401
337402
337403
337404
337405
337406
337407
337408
337409
337410
337411
337412
337413
337414
337415
337416
337417
337418
337419
337420
337421
337422
337423
337424
337425
337426
337427
337428
337429
337430
337431
337432
337433
337434
337435
337436
337437
337438
337439
337440
337441
337442
337443
337444
337445
337446
337447
337448
337449
337450
337451
337452
337453
337454
337455
337456
337457
337458
337459
337460
337461
337462
337463
337464
337465
337466
337467
337468
337469
337470
337471
337472
337473
337474
337475
337476
337477
337478
337479
337480
337481
337482
337483
337484
337485
337486
337487
337488
337489
337490
337491
337492
337493
337494
337495
337496
337497
337498
337499
337500
337501
337502
337503
337504
337505
337506
337507
337508
337509
337510
337511
337512
337513
337514
337515
337516
337517
337518
337519
337520
337521
337522
337523
337524
337525
337526
337527
337528
337529
337530
337531
337532
337533
337534
337535
337536
337537
337538
337539
337540
337541
337542
337543
337544
337545
337546
337547
337548
337549
337550
337551
337552
337553
337554
337555
337556
337557
337558
337559
337560
337561
337562
337563
337564
337565
337566
337567
337568
337569
337570
337571
337572
337573
337574
337575
337576
337577
337578
337579
337580
337581
337582
337583
337584
337585
337586
337587
337588
337589
337590
337591
337592
337593
337594
337595
337596
337597
337598
337599
337600
337601
337602
337603
337604
337605
337606
337607
337608
337609
337610
337611
337612
337613
337614
337615
337616
337617
337618
337619
337620
