325186
325187
325188
325189
325190
325191
325192
325193
325194
325195
325196
325197
325198
325199
325200
325201
325202
325203
325204
325205
325206
325207
325208
325209
325210
325211
325212
325213
325214
325215
325216
325217
325218
325219
325220
325221
325222
325223
325224
325225
325226
325227
325228
325229
325230
325231
325232
325233
325234
325235
325236
325237
325238
325239
325240
325241
325242
325243
325244
325245
325246
325247
325248
325249
325250
325251
325252
325253
325254
325255
325256
325257
325258
325259
325260
325261
325262
325263
325264
325265
325266
325267
325268
325269
325270
325271
325272
325273
325274
325275
325276
325277
325278
325279
325280
325281
325282
325283
325284
325285
325286
325287
325288
325289
325290
325291
325292
325293
325294
325295
325296
325297
325298
325299
325300
325301
325302
325303
325304
325305
325306
325307
325308
325309
325310
325311
325312
325313
325314
325315
325316
325317
325318
325319
325320
325321
325322
325323
325324
325325
325326
325327
325328
325329
325330
325331
325332
325333
325334
325335
325336
325337
325338
325339
325340
325341
325342
325343
325344
325345
325346
325347
325348
325349
325350
325351
325352
325353
325354
325355
325356
325357
325358
325359
325360
325361
325362
325363
325364
325365
325366
325367
325368
325369
325370
325371
325372
325373
325374
325375
325376
325377
325378
325379
325380
325381
325382
325383
325384
325385
325386
325387
325388
325389
325390
325391
325392
325393
325394
325395
325396
325397
325398
325399
325400
325401
325402
325403
325404
325405
325406
325407
325408
325409
325410
325411
325412
325413
325414
325415
325416
325417
325418
325419
325420
325421
325422
325423
325424
325425
325426
325427
325428
325429
325430
325431
325432
325433
325434
325435
325436
325437
325438
325439
325440
325441
325442
325443
325444
325445
325446
325447
325448
325449
325450
325451
325452
325453
325454
325455
325456
325457
325458
325459
325460
325461
325462
325463
325464
325465
325466
325467
325468
325469
325470
325471
325472
325473
325474
325475
325476
325477
325478
325479
325480
325481
325482
325483
325484
325485
325486
325487
325488
325489
325490
325491
325492
325493
325494
325495
325496
325497
325498
325499
325500
325501
325502
325503
325504
325505
325506
325507
325508
325509
325510
325511
325512
325513
325514
325515
325516
325517
325518
325519
325520
325521
325522
325523
325524
325525
325526
325527
325528
325529
325530
325531
325532
325533
325534
325535
325536
325537
325538
325539
325540
325541
325542
325543
325544
325545
325546
325547
325548
325549
325550
325551
325552
325553
325554
325555
325556
325557
325558
325559
325560
325561
325562
325563
325564
325565
325566
325567
325568
325569
325570
325571
325572
325573
325574
325575
325576
325577
325578
325579
325580
325581
325582
325583
325584
325585
325586
325587
325588
325589
325590
325591
325592
325593
325594
325595
325596
325597
325598
325599
325600
325601
325602
325603
325604
325605
325606
325607
325608
325609
325610
325611
325612
325613
325614
325615
325616
325617
325618
325619
325620
325621
325622
325623
325624
325625
325626
325627
325628
325629
325630
325631
325632
325633
325634
325635
325636
325637
325638
325639
325640
325641
325642
325643
325644
325645
325646
325647
325648
325649
325650
325651
325652
325653
325654
325655
325656
325657
325658
325659
325660
325661
325662
325663
325664
325665
325666
325667
325668
325669
325670
325671
325672
325673
325674
325675
325676
325677
325678
325679
325680
325681
325682
325683
325684
325685
325686
325687
325688
325689
325690
325691
325692
325693
325694
325695
325696
325697
325698
325699
325700
325701
325702
325703
325704
325705
325706
325707
325708
325709
325710
325711
325712
325713
325714
325715
325716
325717
325718
325719
325720
325721
325722
325723
325724
325725
325726
325727
325728
325729
325730
325731
325732
325733
325734
325735
325736
325737
325738
325739
325740
325741
325742
325743
325744
325745
325746
325747
325748
325749
325750
325751
325752
325753
325754
325755
325756
325757
325758
325759
325760
325761
325762
325763
325764
325765
325766
325767
325768
325769
325770
325771
325772
325773
325774
325775
325776
325777
325778
325779
325780
325781
325782
325783
325784
325785
325786
325787
325788
325789
325790
325791
325792
325793
325794
325795
325796
325797
325798
325799
325800
325801
325802
325803
325804
325805
325806
325807
325808
325809
325810
325811
325812
325813
325814
325815
325816
325817
325818
325819
325820
325821
325822
325823
325824
325825
325826
325827
325828
325829
325830
325831
325832
325833
325834
325835
325836
325837
325838
325839
325840
325841
325842
325843
325844
325845
325846
325847
325848
325849
325850
325851
325852
325853
325854
325855
325856
325857
325858
325859
325860
325861
325862
325863
325864
325865
325866
325867
325868
325869
325870
325871
325872
325873
325874
325875
325876
325877
325878
325879
325880
325881
325882
325883
325884
325885
325886
325887
325888
325889
325890
325891
325892
325893
325894
325895
325896
325897
325898
325899
325900
325901
325902
325903
325904
325905
325906
325907
325908
325909
325910
325911
325912
325913
325914
325915
325916
325917
325918
325919
325920
325921
325922
325923
325924
325925
325926
325927
325928
325929
325930
325931
325932
325933
325934
325935
325936
325937
325938
325939
325940
325941
325942
325943
325944
325945
325946
325947
325948
325949
325950
325951
325952
325953
325954
325955
325956
325957
325958
325959
325960
325961
325962
325963
325964
325965
325966
325967
325968
325969
325970
325971
325972
325973
325974
325975
325976
325977
325978
325979
325980
325981
325982
325983
325984
325985
325986
325987
325988
325989
325990
325991
325992
325993
325994
325995
325996
325997
325998
325999
326000
326001
326002
326003
326004
326005
326006
326007
326008
326009
326010
326011
326012
326013
326014
326015
326016
326017
326018
326019
326020
326021
326022
326023
326024
326025
326026
326027
326028
326029
326030
326031
326032
326033
326034
326035
326036
326037
326038
326039
326040
326041
326042
326043
326044
326045
326046
326047
326048
326049
326050
326051
326052
326053
326054
326055
326056
326057
326058
326059
326060
326061
326062
326063
326064
326065
326066
326067
326068
326069
326070
326071
326072
326073
326074
326075
326076
326077
326078
326079
326080
326081
326082
326083
326084
326085
326086
326087
326088
326089
326090
326091
326092
326093
326094
326095
326096
326097
326098
326099
326100
326101
326102
326103
326104
326105
326106
326107
326108
326109
326110
326111
326112
326113
326114
326115
326116
326117
326118
326119
326120
326121
326122
326123
326124
326125
326126
326127
326128
326129
326130
326131
326132
326133
326134
326135
326136
326137
326138
326139
326140
326141
326142
326143
326144
326145
326146
326147
326148
326149
326150
326151
326152
326153
326154
326155
326156
326157
326158
326159
326160
326161
326162
326163
326164
326165
326166
326167
326168
326169
326170
326171
326172
326173
326174
326175
326176
326177
326178
326179
326180
326181
326182
326183
326184
326185
326186
326187
326188
326189
326190
326191
326192
326193
326194
326195
326196
326197
326198
326199
326200
326201
326202
326203
326204
326205
326206
326207
326208
326209
326210
326211
326212
326213
326214
326215
326216
326217
326218
326219
326220
326221
326222
326223
326224
326225
326226
326227
326228
326229
326230
326231
326232
326233
326234
326235
326236
326237
326238
326239
326240
326241
326242
326243
326244
326245
326246
326247
326248
326249
326250
326251
326252
326253
326254
326255
326256
326257
326258
326259
326260
326261
326262
326263
326264
326265
326266
326267
326268
326269
326270
326271
326272
326273
326274
326275
326276
326277
326278
326279
326280
326281
326282
326283
326284
326285
326286
326287
326288
326289
326290
326291
326292
326293
326294
326295
326296
326297
326298
326299
326300
326301
326302
326303
326304
326305
326306
326307
326308
326309
326310
326311
326312
326313
326314
326315
326316
326317
326318
326319
326320
326321
326322
326323
326324
326325
326326
326327
326328
326329
326330
326331
326332
326333
326334
326335
326336
326337
326338
326339
326340
326341
326342
326343
326344
326345
326346
326347
326348
326349
326350
326351
326352
326353
326354
326355
326356
326357
326358
326359
326360
326361
326362
326363
326364
326365
326366
326367
326368
326369
326370
326371
326372
326373
326374
326375
326376
326377
326378
326379
326380
326381
326382
326383
326384
326385
326386
326387
326388
326389
326390
326391
326392
326393
326394
326395
326396
326397
326398
326399
326400
326401
326402
326403
326404
326405
326406
326407
326408
326409
326410
326411
326412
326413
326414
326415
326416
326417
326418
326419
326420
326421
326422
326423
326424
326425
326426
326427
326428
326429
326430
326431
326432
326433
326434
326435
326436
326437
326438
326439
326440
326441
326442
326443
326444
326445
326446
326447
326448
326449
326450
326451
326452
326453
326454
326455
326456
326457
326458
326459
326460
326461
326462
326463
326464
326465
326466
326467
326468
326469
326470
326471
326472
326473
326474
326475
326476
326477
326478
326479
326480
326481
326482
326483
326484
326485
326486
326487
326488
326489
326490
326491
326492
326493
326494
326495
326496
326497
326498
326499
326500
326501
326502
326503
326504
326505
326506
326507
326508
326509
326510
326511
326512
326513
326514
326515
326516
326517
326518
326519
326520
326521
326522
326523
326524
326525
326526
326527
326528
326529
326530
326531
326532
326533
326534
326535
326536
326537
326538
326539
326540
326541
326542
326543
326544
326545
326546
326547
326548
326549
326550
326551
326552
326553
326554
326555
326556
326557
326558
326559
326560
326561
326562
326563
326564
326565
326566
326567
326568
326569
326570
326571
326572
326573
326574
326575
326576
326577
326578
326579
326580
326581
326582
326583
326584
326585
326586
326587
326588
326589
326590
326591
326592
326593
326594
326595
326596
326597
326598
326599
326600
326601
326602
326603
326604
326605
326606
326607
326608
326609
326610
326611
326612
326613
326614
326615
326616
326617
326618
326619
326620
326621
326622
326623
326624
326625
326626
326627
326628
326629
326630
326631
326632
326633
326634
326635
326636
326637
326638
326639
326640
326641
326642
326643
326644
326645
326646
326647
326648
326649
326650
326651
326652
326653
326654
326655
326656
326657
326658
326659
326660
326661
326662
326663
326664
326665
326666
326667
326668
326669
326670
326671
326672
326673
326674
326675
326676
326677
326678
326679
326680
326681
326682
326683
326684
326685
326686
326687
326688
326689
326690
326691
326692
326693
326694
326695
326696
326697
326698
326699
326700
326701
326702
326703
326704
326705
326706
326707
326708
326709
326710
326711
326712
326713
326714
326715
326716
326717
326718
326719
326720
326721
326722
326723
326724
326725
326726
326727
326728
326729
326730
326731
326732
326733
326734
326735
326736
326737
326738
326739
326740
326741
326742
326743
326744
326745
326746
326747
326748
326749
326750
326751
326752
326753
326754
326755
326756
326757
326758
326759
326760
326761
326762
326763
326764
326765
326766
326767
326768
326769
326770
326771
326772
326773
326774
326775
326776
326777
326778
326779
326780
326781
326782
326783
326784
326785
326786
326787
326788
326789
326790
326791
326792
326793
326794
326795
326796
326797
326798
326799
326800
326801
326802
326803
326804
326805
326806
326807
326808
326809
326810
326811
326812
326813
326814
326815
326816
326817
326818
326819
326820
326821
326822
326823
326824
326825
326826
326827
326828
326829
326830
326831
326832
326833
326834
326835
326836
326837
326838
326839
326840
326841
326842
326843
326844
326845
326846
326847
326848
326849
326850
326851
326852
326853
326854
326855
326856
326857
326858
326859
326860
326861
326862
326863
326864
326865
326866
326867
326868
326869
326870
326871
326872
326873
326874
326875
326876
326877
326878
326879
326880
326881
326882
326883
326884
326885
326886
326887
326888
326889
326890
326891
326892
326893
326894
326895
326896
326897
326898
326899
326900
326901
326902
326903
326904
326905
326906
326907
326908
326909
326910
326911
326912
326913
326914
326915
326916
326917
326918
326919
326920
326921
326922
326923
326924
326925
326926
326927
326928
326929
326930
326931
326932
326933
326934
326935
326936
326937
326938
326939
326940
326941
326942
326943
326944
326945
326946
326947
326948
326949
326950
326951
326952
326953
326954
326955
326956
326957
326958
326959
326960
326961
326962
326963
326964
326965
326966
326967
326968
326969
326970
326971
326972
326973
326974
326975
326976
326977
326978
326979
326980
326981
326982
326983
326984
326985
326986
326987
326988
326989
326990
326991
326992
326993
326994
326995
326996
326997
326998
326999
327000
327001
327002
327003
327004
327005
327006
327007
327008
327009
327010
327011
327012
327013
327014
327015
327016
327017
327018
327019
327020
327021
327022
327023
327024
327025
327026
327027
327028
327029
327030
327031
327032
327033
327034
327035
327036
327037
327038
327039
327040
327041
327042
327043
327044
327045
327046
327047
327048
327049
327050
327051
327052
327053
327054
327055
327056
327057
327058
327059
327060
327061
327062
327063
327064
327065
327066
327067
327068
327069
327070
327071
327072
327073
327074
327075
327076
327077
327078
327079
327080
327081
327082
327083
327084
327085
327086
327087
327088
327089
327090
327091
327092
327093
327094
327095
327096
327097
327098
327099
327100
327101
327102
327103
327104
327105
327106
327107
327108
327109
327110
327111
327112
327113
327114
327115
327116
327117
327118
327119
327120
327121
327122
327123
327124
327125
327126
327127
327128
327129
327130
327131
327132
327133
327134
327135
327136
327137
327138
327139
327140
327141
327142
327143
327144
327145
327146
327147
327148
327149
327150
327151
327152
327153
327154
327155
327156
327157
327158
327159
327160
327161
327162
327163
327164
327165
327166
327167
327168
327169
327170
327171
327172
327173
327174
327175
327176
327177
327178
327179
327180
327181
327182
327183
327184
327185
327186
327187
327188
327189
327190
327191
327192
327193
327194
327195
327196
327197
327198
327199
327200
327201
327202
327203
327204
327205
327206
327207
327208
327209
327210
327211
327212
327213
327214
327215
327216
327217
327218
327219
327220
327221
327222
327223
327224
327225
327226
327227
327228
327229
327230
327231
327232
327233
